<?xml version="1.0"?>
<opencv_storage>
<obj>
  <_><id>1</id>
    <height>4.2419791221618652e-02</height>
    <contour2d>
      1.13576636e-01 6.46261275e-01 1.12418428e-01 6.51513040e-01
      1.08529836e-01 6.63951933e-01 1.05182365e-01 6.71915650e-01
      1.03997543e-01 6.74340844e-01 9.60160345e-02 6.85343802e-01
      8.10370296e-02 7.02877343e-01 7.79678077e-02 7.04890251e-01
      7.65648335e-02 7.05628455e-01 4.18699868e-02 7.08494127e-01
      4.03412841e-02 7.08489537e-01 1.39774904e-02 6.96229160e-01
      -2.70756334e-03 6.78431571e-01 -7.16008153e-03 6.71578467e-01
      -1.01628266e-02 6.62160575e-01 -1.30527653e-02 6.45173609e-01
      -1.30095063e-02 6.42304897e-01 -8.74328054e-03 6.25646949e-01
      -1.66922249e-03 6.12178624e-01 1.09891780e-03 6.07356012e-01
      5.22056222e-03 6.03484929e-01 1.50638968e-02 5.96113205e-01
      3.15897875e-02 5.86140454e-01 5.31175993e-02 5.83186090e-01
      5.58606647e-02 5.83194315e-01 7.17438459e-02 5.86062253e-01
      8.23823512e-02 5.91406107e-01 8.80006105e-02 5.94843805e-01
      1.07421756e-01 6.15550101e-01 1.13419876e-01 6.44596934e-01</contour2d>
    <histogram type_id="opencv-matrix">
      <rows>20</rows>
      <cols>1</cols>
      <dt>f</dt>
      <data>
        6.46203570e-03 8.42972577e-01 1.22455582e-01 9.69305402e-04 0.
        0. 0. 0. 0. 0. 0. 0. 0. 0. 0. 0. 0. 0. 0. 2.71405503e-02</data></histogram></_>
  <_><id>2</id>
    <height>4.2599260807037354e-02</height>
    <contour2d>
      1.29808448e-02 6.51676774e-01 1.17820073e-02 6.61253512e-01
      1.04727782e-02 6.66788459e-01 6.12583570e-03 6.78977609e-01
      -4.16601170e-03 6.90492451e-01 -2.38478817e-02 7.07083166e-01
      -2.53799781e-02 7.07822323e-01 -4.99813035e-02 7.13782966e-01
      -5.15137613e-02 7.13778436e-01 -6.52751029e-02 7.11697698e-01
      -7.71410167e-02 7.05910444e-01 -9.89054292e-02 6.93415523e-01
      -1.06218398e-01 6.73249900e-01 -1.08438537e-01 6.65972054e-01
      -1.10466316e-01 6.56088293e-01 -1.11122981e-01 6.47003412e-01
      -1.11079589e-01 6.44123495e-01 -1.07027665e-01 6.30210459e-01
      -1.05228677e-01 6.26244068e-01 -9.68408883e-02 6.10281348e-01
      -9.21733826e-02 6.02942526e-01 -7.74016753e-02 5.93505263e-01
      -7.31924474e-02 5.91934919e-01 -4.57031764e-02 5.86288273e-01
      -4.43297662e-02 5.86292386e-01 -3.20778079e-02 5.90550423e-01
      -1.55577622e-02 5.98127782e-01 -1.67576969e-03 6.08955204e-01
      5.29113598e-03 6.15929663e-01 1.11026317e-02 6.31563067e-01
      1.28521826e-02 6.43338323e-01</contour2d>
    <histogram type_id="opencv-matrix">
      <rows>20</rows>
      <cols>1</cols>
      <dt>f</dt>
      <data>
        9.73912980e-03 7.63130426e-01 2.02782601e-01 0. 0. 0. 0. 0. 0.
        0. 0. 0. 0. 0. 6.95652154e-04 0. 2.43478245e-03 1.04347826e-03
        0. 2.01739129e-02</data></histogram></_>
  <_><id>3</id>
    <height>4.2401194572448730e-02</height>
    <contour2d>
      4.40860949e-02 7.25952923e-01 4.37838957e-02 7.49763191e-01
      4.28459905e-02 7.61677384e-01 4.13324162e-02 7.66421258e-01
      3.98272946e-02 7.70108044e-01 3.07278447e-02 7.81874776e-01
      1.79686099e-02 7.97322094e-01 -8.44391435e-03 8.08297098e-01
      -2.51019560e-02 8.10631394e-01 -2.84283962e-02 8.09826672e-01
      -6.10350147e-02 7.92837620e-01 -6.26613796e-02 7.91739523e-01
      -6.87337294e-02 7.83266544e-01 -7.47696757e-02 7.73168087e-01
      -7.83520341e-02 7.52273262e-01 -7.73574114e-02 7.33699560e-01
      -7.32986778e-02 7.16430008e-01 -6.69791698e-02 7.09554195e-01
      -4.94584665e-02 6.94960713e-01 -3.72660086e-02 6.89670861e-01
      -2.36002486e-02 6.86451137e-01 -1.45104723e-02 6.85110509e-01
      7.24656507e-04 6.88487828e-01 6.48204982e-03 6.90463781e-01
      1.26589015e-02 6.93407297e-01 1.72132812e-02 6.96169376e-01
      3.29456516e-02 7.06616998e-01</contour2d>
    <histogram type_id="opencv-matrix">
      <rows>20</rows>
      <cols>1</cols>
      <dt>f</dt>
      <data>
        5.13478834e-03 8.48951638e-01 1.22379117e-01 1.28369709e-03 0.
        0. 0. 0. 0. 0. 0. 0. 0. 0. 0. 0. 4.27899009e-04 0. 0.
        2.18228493e-02</data></histogram></_>
  <_><id>4</id>
    <height>4.2311549186706543e-02</height>
    <contour2d>
      1.26306966e-01 6.98505104e-01 1.26291752e-01 6.99513674e-01
      1.23849429e-01 7.18316257e-01 1.21903516e-01 7.26651549e-01
      1.17670856e-01 7.33044922e-01 1.07714497e-01 7.44592428e-01
      8.64582658e-02 7.67321527e-01 8.00054446e-02 7.68373013e-01
      4.76688743e-02 7.66726315e-01 3.96578535e-02 7.65633941e-01
      1.04168858e-02 7.46308863e-01 7.12572597e-03 7.38586962e-01
      -9.32650641e-04 7.14674711e-01 -9.66183841e-04 7.04108655e-01
      1.96327083e-03 6.90441370e-01 4.86418791e-03 6.82083070e-01
      1.07101500e-02 6.69127524e-01 1.21157188e-02 6.67699099e-01
      3.12112700e-02 6.51467919e-01 5.91421127e-02 6.44630492e-01
      6.62137419e-02 6.44604087e-01 8.28600377e-02 6.49187148e-01
      9.85699520e-02 6.54874921e-01 1.13397397e-01 6.68074071e-01
      1.18411921e-01 6.76871359e-01</contour2d>
    <histogram type_id="opencv-matrix">
      <rows>20</rows>
      <cols>1</cols>
      <dt>f</dt>
      <data>
        1.22634890e-02 8.01681817e-01 1.55220732e-01 7.00770819e-04 0.
        0. 0. 0. 0. 0. 0. 0. 0. 0. 0. 0. 1.40154164e-03 2.10231240e-03
        0. 2.66292915e-02</data></histogram></_>
  <_><id>5</id>
    <height>4.2464137077331543e-02</height>
    <contour2d>
      1.88846774e-02 7.67120600e-01 1.89811327e-02 7.71590710e-01
      1.76046304e-02 7.80268908e-01 1.45229921e-02 7.88210869e-01
      8.21002200e-03 8.02333117e-01 -5.02680987e-03 8.20725918e-01
      -6.71322457e-03 8.22641253e-01 -3.04937344e-02 8.35112214e-01
      -4.58047986e-02 8.35392475e-01 -5.60099222e-02 8.35361958e-01
      -5.93661219e-02 8.34544778e-01 -6.27470538e-02 8.33404064e-01
      -7.44190067e-02 8.28697681e-01 -9.52231586e-02 8.12637091e-01
      -1.02622688e-01 7.99942613e-01 -1.05879262e-01 7.76178956e-01
      -1.04467556e-01 7.59690523e-01 -1.01994649e-01 7.48265982e-01
      -9.49193388e-02 7.36666203e-01 -8.97276103e-02 7.29781866e-01
      -8.65050703e-02 7.28000641e-01 -7.91421831e-02 7.24596024e-01
      -6.42045289e-02 7.18690038e-01 -6.00073002e-02 7.17209816e-01
      -4.08513397e-02 7.13725567e-01 -2.07944624e-02 7.17511177e-01
      4.14226763e-03 7.29189038e-01 1.37148723e-02 7.47556925e-01</contour2d>
    <histogram type_id="opencv-matrix">
      <rows>20</rows>
      <cols>1</cols>
      <dt>f</dt>
      <data>
        6.44606771e-03 7.89428413e-01 1.68457240e-01 4.29737847e-04 0.
        0. 0. 0. 0. 0. 0. 0. 0. 0. 0. 0. 4.29737847e-04 1.28921354e-03
        0. 3.35195512e-02</data></histogram></_>
  <_><id>6</id>
    <height>4.2248904705047607e-02</height>
    <contour2d>
      -2.40991376e-02 6.12412691e-01 -2.42983438e-02 6.27684891e-01
      -3.03525850e-02 6.47700131e-01 -4.24726233e-02 6.66633189e-01
      -4.55280170e-02 6.71005189e-01 -5.16249612e-02 6.75849438e-01
      -6.53626844e-02 6.83139384e-01 -6.83639720e-02 6.84124053e-01
      -6.98571280e-02 6.84119582e-01 -1.20065689e-01 6.78083718e-01
      -1.26376554e-01 6.71276093e-01 -1.35361969e-01 6.58668101e-01
      -1.43677399e-01 6.45988762e-01 -1.47248000e-01 6.39337540e-01
      -1.50396124e-01 6.29442155e-01 -1.50463074e-01 6.17087662e-01
      -1.50258422e-01 6.14535332e-01 -1.43537253e-01 5.96726358e-01
      -1.32239595e-01 5.73022664e-01 -1.12725087e-01 5.65359354e-01
      -1.02354117e-01 5.62893510e-01 -9.57465321e-02 5.61775506e-01
      -9.14453790e-02 5.61635494e-01 -6.75564557e-02 5.62107146e-01
      -6.22802228e-02 5.63658476e-01 -4.37609181e-02 5.72570741e-01
      -3.33485454e-02 5.88898301e-01 -3.07023376e-02 5.93890011e-01
      -2.54056398e-02 6.06658876e-01</contour2d>
    <histogram type_id="opencv-matrix">
      <rows>20</rows>
      <cols>1</cols>
      <dt>f</dt>
      <data>
        9.09946673e-03 7.96360195e-01 1.67555690e-01 1.88264833e-03 0.
