<?xml version="1.0"?>
<opencv_storage>
<obj>
  <_><id>1</id>
    <height>5.7257056236267090e-02</height>
    <contour2d>
      -1.15776464e-01 9.05676961e-01 -1.42939702e-01 8.94869208e-01
      -1.44623473e-01 8.93732727e-01 -1.50949731e-01 8.87715995e-01
      -1.56215116e-01 8.77911925e-01 -1.79362833e-01 7.93210447e-01
      -1.76974118e-01 7.85291016e-01 -1.75508931e-01 7.84041286e-01
      -1.69787973e-01 7.79788494e-01 -1.55305699e-01 7.76354015e-01
      -1.48816600e-01 7.75628686e-01 -1.47235245e-01 7.75647402e-01
      -1.45683110e-01 7.76695013e-01 -1.40344068e-01 7.81344891e-01
      -1.31066948e-01 8.16956401e-01 -1.16712883e-01 8.88346851e-01</contour2d>
    <histogram type_id="opencv-matrix">
      <rows>20</rows>
      <cols>1</cols>
      <dt>f</dt>
      <data>
        9.03225839e-02 3.22580636e-02 2.15053768e-03 0. 0. 0. 0. 0. 0.
        0. 0. 0. 0. 0. 0. 0. 0. 1.07526882e-02 0. 8.64516139e-01</data></histogram></_>
  <_><id>2</id>
    <height>5.8224976062774658e-02</height>
    <contour2d>
      4.52483892e-02 6.57868683e-01 4.96564023e-02 6.71847343e-01
      4.94324975e-02 6.72208846e-01 4.79775108e-02 6.73121452e-01
      -4.82604727e-02 7.24202931e-01 -5.87341636e-02 7.26627827e-01
      -6.16957024e-02 7.26592779e-01 -7.37051889e-02 7.18199074e-01
      -7.59549737e-02 7.15689123e-01 -7.65584707e-02 7.13298023e-01
      -7.65308589e-02 7.12324858e-01 -7.49979392e-02 7.09212601e-01
      -6.41095713e-02 7.00468659e-01 2.85428874e-02 6.43547773e-01
      3.51854153e-02 6.45796597e-01 3.91759910e-02 6.48067653e-01</contour2d>
    <histogram type_id="opencv-matrix">
      <rows>20</rows>
      <cols>1</cols>
      <dt>f</dt>
      <data>
        1.22699384e-02 1.07361963e-02 1.68711655e-02 7.66871125e-03 0.
        0. 0. 0. 0. 0. 0. 0. 0. 0. 0. 0. 0. 1.53374230e-03 0.
        9.50920224e-01</data></histogram></_>
  <_><id>3</id>
    <height>5.7266414165496826e-02</height>
    <contour2d>
      1.60559967e-01 6.86461210e-01 1.49920598e-01 6.97740436e-01
      1.45606816e-01 6.97689354e-01 1.42525136e-01 6.96876049e-01
      1.31780759e-01 6.90851986e-01 5.63060939e-02 6.17442191e-01
      5.63311353e-02 6.16559982e-01 5.76106906e-02 6.14980042e-01
      6.59200549e-02 6.07015371e-01 7.33238161e-02 6.01374567e-01
      8.03871751e-02 5.96807659e-01 8.89930055e-02 5.96057475e-01
      9.53175575e-02 5.99313378e-01 9.67712030e-02 6.00899100e-01
      1.56610146e-01 6.73982143e-01 1.59332931e-01 6.78949893e-01
      1.61379278e-01 6.84050381e-01 1.61352575e-01 6.84990764e-01</contour2d>
    <histogram type_id="opencv-matrix">
      <rows>20</rows>
      <cols>1</cols>
      <dt>f</dt>
      <data>
        9.22266115e-03 4.08432148e-02 1.05401846e-02 0. 0. 0. 0. 0. 0.
        0. 0. 0. 0. 1.31752307e-03 1.31752307e-03 0. 0. 1.31752307e-03
        0. 9.35441375e-01</data></histogram></_>
  <_><id>4</id>
    <height>5.6652069091796875e-02</height>
    <contour2d>
      -2.54736423e-01 8.32717299e-01 -2.80146509e-01 8.22149754e-01
      -2.81731576e-01 8.21079910e-01 -2.84311473e-01 8.18321109e-01
      -2.85833418e-01 8.15157235e-01 -3.19264472e-01 7.15252161e-01
      -3.15456271e-01 7.11801529e-01 -2.89849401e-01 7.01253355e-01
      -2.83360183e-01 7.01507449e-01 -2.47995734e-01 8.14830720e-01
      -2.47793436e-01 8.16151083e-01 -2.47823730e-01 8.17218781e-01
      -2.52721936e-01 8.29727709e-01</contour2d>
    <histogram type_id="opencv-matrix">
      <rows>20</rows>
      <cols>1</cols>
      <dt>f</dt>
      <data>
        9.13241953e-02 4.56620976e-02 6.84931502e-03 0. 0. 0. 0. 0. 0.
        0. 0. 0. 0. 0. 0. 0. 4.56620986e-03 3.65296789e-02 0.
        8.15068483e-01</data></histogram></_>
  <_><id>5</id>
    <height>5.9035420417785645e-02</height>
    <contour2d>
      -9.10788551e-02 9.52058136e-01 -9.66199189e-02 9.65766430e-01
      -1.07680224e-01 9.68817890e-01 -1.09499983e-01 9.68796313e-01
      -1.50805309e-01 9.60900545e-01 -2.25365043e-01 9.37736094e-01
      -2.24695921e-01 9.33986843e-01 -2.20385313e-01 9.18749154e-01
      -2.15248734e-01 9.10535634e-01 -2.12256521e-01 9.06667948e-01
      -2.07474589e-01 9.01649177e-01 -2.01781526e-01 9.01180208e-01
      -2.00006470e-01 9.01201248e-01 -1.90743744e-01 9.04528022e-01
      -9.48076323e-02 9.48661208e-01 -9.28403586e-02 9.49656367e-01
      -9.10450667e-02 9.50868070e-01</contour2d>
    <histogram type_id="opencv-matrix">
      <rows>20</rows>
      <cols>1</cols>
      <dt>f</dt>
      <data>
        8.96739140e-02 8.96739140e-02 8.69565234e-02 1.35869570e-02 0.
        0. 0. 0. 0. 0. 0. 0. 0. 0. 0. 0. 0. 8.15217383e-03 0.
        7.11956561e-01</data></histogram></_>
  <_><id>6</id>
    <height>5.7321965694427490e-02</height>
    <contour2d>
      3.73791307e-02 9.43413198e-01 2.98504811e-02 9.33086216e-01
      2.63335314e-02 9.24656451e-01 1.41749270e-02 8.27058673e-01
      1.42050292e-02 8.25998306e-01 1.57948192e-02 8.14693570e-01
      1.74046513e-02 8.12833905e-01 2.55146082e-02 8.11389208e-01
      4.12094146e-02 8.09151173e-01 4.76931334e-02 8.08418453e-01
      4.93001193e-02 8.09503078e-01 5.01189902e-02 8.17348063e-01
      5.64593226e-02 9.25885975e-01</contour2d>
    <histogram type_id="opencv-matrix">
      <rows>20</rows>
      <cols>1</cols>
      <dt>f</dt>
      <data>
        2.56410260e-02 3.26340348e-02 3.96270417e-02 0. 0. 0. 0. 0. 0.
        0. 0. 0. 0. 0. 0. 0. 0. 1.16550121e-02 0. 8.90442908e-01</data></histogram></_>
  <_><id>7</id>
    <height>5.8469772338867188e-02</height>
    <contour2d>
      1.93730190e-01 7.57762372e-01 1.65357158e-01 7.67908156e-01
      1.64064974e-01 7.67701030e-01 6.90378919e-02 7.18869448e-01
      6.87992945e-02 7.18304694e-01 6.92824945e-02 7.14738250e-01
      7.04148337e-02 7.09746003e-01 8.04640353e-02 6.92150950e-01
      8.35529864e-02 6.91986024e-01 8.78026858e-02 6.92237914e-01
      1.06413335e-01 7.00634599e-01 1.29071385e-01 7.11202204e-01
      1.90082282e-01 7.48301685e-01 1.91974327e-01 7.50325799e-01
      1.93816170e-01 7.54733920e-01</contour2d>
    <histogram type_id="opencv-matrix">
      <rows>20</rows>
      <cols>1</cols>
      <dt>f</dt>
      <data>
        1.09890113e-02 3.84615399e-02 1.64835174e-02 0. 0. 0. 0. 0. 0.
        0. 0. 0. 0. 0. 0. 0. 0. 0. 0. 9.34065938e-01</data></histogram></_>
  <_><id>8</id>
    <height>3.7689805030822754e-02</height>
    <contour2d>
      8.62920582e-02 6.02816105e-01 9.34541970e-02 6.34190738e-01
      9.33331922e-02 6.42521381e-01 9.27198231e-02 6.49622560e-01
      9.14257169e-02 6.51255608e-01 8.71380046e-02 6.53042614e-01
      -1.05117606e-02 6.82198703e-01 -2.90626846e-02 6.68307483e-01
      -3.86004522e-02 6.51436031e-01 -3.80966961e-02 6.39512122e-01
      -3.66484374e-02 6.37896597e-01 -3.37889791e-02 6.35576785e-01
      3.69322747e-02 6.07839525e-01 8.07707235e-02 5.97870529e-01
      8.21043551e-02 5.97886324e-01 8.48632231e-02 6.00356579e-01</contour2d>
    <histogram type_id="opencv-matrix">
      <rows>20</rows>
      <cols>1</cols>
      <dt>f</dt>
      <data>
        0. 3.25556146e-03 5.42593596e-04 1.08518719e-03 0. 0. 0. 0. 0.
        0. 0. 0. 0. 0. 0. 0. 0. 0. 0. 9.95116651e-01</data></histogram></_>
  <_><id>9</id>
    <height>3.3879101276397705e-02</height>
    <contour2d>
      -9.30908173e-02 6.95236981e-01 -1.17428936e-01 7.19030499e-01
      -1.20431453e-01 7.18994975e-01 -1.77189723e-01 6.79663777e-01
      -1.88532859e-01 6.69588268e-01 -2.10740477e-01 6.35983348e-01
      -2.11188227e-01 6.34733677e-01 -2.10823894e-01 6.30408049e-01
      -2.07261860e-01 6.26286447e-01 -1.82013333e-01 5.99826932e-01
      -1.76979080e-01 5.97776592e-01 -1.70236468e-01 5.97856402e-01
      -1.30762413e-01 6.29187524e-01 -9.05716643e-02 6.62533522e-01
      -8.53074789e-02 6.67219400e-01 -8.38564336e-02 6.69313431e-01
      -8.55206624e-02 6.74732983e-01</contour2d>
    <histogram type_id="opencv-matrix">
      <rows>20</rows>
      <cols>1</cols>
      <dt>f</dt>
      <data>
