<?xml version="1.0"?>
<opencv_storage>
<obj>
  <_><id>1</id>
    <height>1.0946166515350342e-01</height>
    <contour2d>
      -1.29451364e-01 6.96490347e-01 -1.29998684e-01 6.97633028e-01
      -1.30926758e-01 6.98410928e-01 -1.34119049e-01 6.99945986e-01
      -1.61566168e-01 7.01496959e-01 -1.81988254e-01 6.97518229e-01
      -1.98998317e-01 6.70251191e-01 -1.97578281e-01 6.68402612e-01
      -1.95932776e-01 6.66720092e-01 -1.92916617e-01 6.65967941e-01
      -1.49516210e-01 6.60197973e-01 -1.39749989e-01 6.60910130e-01
      -1.38428122e-01 6.61624134e-01 -1.37032136e-01 6.62770212e-01
      -1.29162967e-01 6.86640263e-01</contour2d>
    <histogram type_id="opencv-matrix">
      <rows>20</rows>
      <cols>1</cols>
      <dt>f</dt>
      <data>
        4.69234176e-02 2.03629926e-01 5.28109789e-01 4.29393537e-02
        2.30190344e-02 2.56750770e-02 4.42673732e-03 2.65604258e-03
        4.42673743e-04 8.85347486e-04 0. 0. 0. 0. 0. 0. 0.
        2.65604258e-03 4.42673743e-04 1.18193887e-01</data></histogram></_>
  <_><id>2</id>
    <height>1.0802835226058960e-01</height>
    <contour2d>
      -2.37422381e-02 6.99535131e-01 -2.38488559e-02 7.06612229e-01
      -4.34189439e-02 7.28107393e-01 -4.93785329e-02 7.30847955e-01
      -5.82614169e-02 7.30637491e-01 -9.38752592e-02 7.07230687e-01
      -9.38606709e-02 7.06261992e-01 -9.06520188e-02 6.92758858e-01
      -6.88775331e-02 6.76747978e-01 -6.73467219e-02 6.75743997e-01
      -6.57282770e-02 6.75337255e-01 -6.42164052e-02 6.75341785e-01
      -6.13376535e-02 6.76470816e-01 -2.97458116e-02 6.95293903e-01</contour2d>
    <histogram type_id="opencv-matrix">
      <rows>20</rows>
      <cols>1</cols>
      <dt>f</dt>
      <data>
        4.00390625e-02 1.92382812e-01 5.62500000e-01 3.61328125e-02
        3.41796875e-02 1.56250000e-02 1.46484375e-03 1.46484375e-03
        4.88281250e-04 9.76562500e-04 9.76562500e-04 0. 0. 0. 0. 0.
        4.88281250e-04 0. 4.88281250e-04 1.12792969e-01</data></histogram></_>
  <_><id>3</id>
    <height>1.0682713985443115e-01</height>
    <contour2d>
      4.94218022e-02 6.63629651e-01 4.99214232e-02 6.64754689e-01
      4.98430431e-02 6.67017102e-01 4.76845354e-02 6.96579099e-01
      4.49285209e-02 7.01945603e-01 4.08092029e-02 7.07156479e-01
      3.94429974e-02 7.07938373e-01 2.93156058e-02 7.09828138e-01
      2.00071931e-03 7.08436131e-01 5.92919067e-04 7.08253026e-01
      -9.29733738e-04 7.04155505e-01 -9.08687711e-04 7.00500727e-01
      1.90211087e-03 6.69867456e-01 3.95645201e-03 6.58846915e-01
      8.23916309e-03 6.57228231e-01 9.73419286e-03 6.57232702e-01
      4.41051126e-02 6.61812425e-01 4.63879630e-02 6.62196517e-01
      4.79992852e-02 6.62723720e-01</contour2d>
    <histogram type_id="opencv-matrix">
      <rows>20</rows>
      <cols>1</cols>
      <dt>f</dt>
      <data>
        4.19664290e-03 5.93525209e-02 7.79976010e-01 0. 0. 0. 0. 0. 0.
        0. 0. 0. 0. 0. 0. 0. 0. 0. 0. 1.56474829e-01</data></histogram></_>
  <_><id>4</id>
    <height>1.0656356811523438e-01</height>
    <contour2d>
      1.30626619e-01 6.88438654e-01 1.28034294e-01 6.97595894e-01
      1.04287259e-01 7.18119442e-01 1.02813154e-01 7.19086289e-01
      9.98795629e-02 7.20048726e-01 9.55011249e-02 7.20035672e-01
      7.93510973e-02 7.17255294e-01 6.62785321e-02 6.97586656e-01
      6.49700612e-02 6.90551221e-01 6.54539168e-02 6.88332677e-01
      6.67808354e-02 6.86906517e-01 9.91692320e-02 6.64753139e-01
      1.02501824e-01 6.63184881e-01 1.08801909e-01 6.62797093e-01
      1.15245916e-01 6.67562008e-01 1.26565576e-01 6.80973828e-01
      1.30178392e-01 6.86442733e-01</contour2d>
    <histogram type_id="opencv-matrix">
      <rows>20</rows>
      <cols>1</cols>
      <dt>f</dt>
      <data>
        1.50121059e-02 2.58111387e-01 6.09685183e-01 4.84261487e-04 0.
        0. 0. 0. 0. 0. 0. 0. 0. 0. 0. 0. 0. 0. 0. 1.16707020e-01</data></histogram></_>
  <_><id>5</id>
    <height>1.0720312595367432e-01</height>
    <contour2d>
      1.21918954e-01 7.57023275e-01 1.21888049e-01 7.59075224e-01
      1.16822489e-01 7.90091217e-01 1.12130918e-01 7.91114450e-01
      1.05880700e-01 7.92133033e-01 6.09643087e-02 7.95253336e-01
      6.00624904e-02 7.90534735e-01 6.00785688e-02 7.89467633e-01
      6.46614507e-02 7.54970491e-01 6.79796338e-02 7.49595046e-01
      7.03684390e-02 7.46135473e-01 7.55443573e-02 7.44803488e-01
      1.18763573e-01 7.53012002e-01</contour2d>
    <histogram type_id="opencv-matrix">
      <rows>20</rows>
      <cols>1</cols>
      <dt>f</dt>
      <data>
        9.17431153e-03 3.03363919e-01 5.33333302e-01 1.83486240e-03 0.
        0. 0. 6.11620781e-04 1.22324156e-03 0. 0. 0. 0. 0. 0. 0. 0. 0.
        0. 1.50458708e-01</data></histogram></_>
  <_><id>6</id>
    <height>1.1095660924911499e-01</height>
    <contour2d>
      1.17977131e-02 8.04015875e-01 1.15199015e-04 8.15426230e-01
      -3.06405500e-03 8.17315936e-01 -2.69594491e-02 8.18085372e-01
      -5.61933890e-02 7.99409091e-01 -5.60571998e-02 7.94547796e-01
      -5.30389622e-02 7.87511051e-01 -2.45126039e-02 7.70150006e-01
      -2.28530839e-02 7.69398808e-01 -2.15961002e-02 7.69170105e-01
      -2.00393219e-02 7.69174755e-01 -1.54033825e-02 7.70455778e-01
      8.79412331e-03 7.96006143e-01 1.16461143e-02 8.00605297e-01</contour2d>
    <histogram type_id="opencv-matrix">
      <rows>20</rows>
      <cols>1</cols>
      <dt>f</dt>
      <data>
        1.76886795e-03 1.46226421e-01 7.07547188e-01 2.94811325e-03 0.
        0. 0. 0. 0. 0. 0. 0. 0. 0. 0. 0. 0. 0. 0. 1.41509444e-01</data></histogram></_>
  <_><id>7</id>
    <height>1.0837805271148682e-01</height>
    <contour2d>
      -1.40630737e-01 7.76551008e-01 -1.40727937e-01 8.03217709e-01
      -1.41033888e-01 8.05931866e-01 -1.46691263e-01 8.19628417e-01
      -1.48303315e-01 8.20685744e-01 -1.53265879e-01 8.22577536e-01
      -1.81001335e-01 8.25028360e-01 -1.82604894e-01 8.25023592e-01
      -1.85795933e-01 8.23946953e-01 -1.90942898e-01 8.15692842e-01
      -1.92498654e-01 7.84132361e-01 -1.92050472e-01 7.80422509e-01
      -1.88863039e-01 7.76273191e-01 -1.44953355e-01 7.74901271e-01</contour2d>
    <histogram type_id="opencv-matrix">
      <rows>20</rows>
      <cols>1</cols>
      <dt>f</dt>
      <data>
        0. 7.11931437e-02 7.87738919e-01 0. 0. 0. 0. 0. 0. 0. 0. 0. 0.
        0. 0. 0. 0. 0. 0. 1.41067892e-01</data></histogram></_>
  <_><id>8</id>
    <height>1.0695111751556396e-01</height>
    <contour2d>
      -2.62051523e-01 8.04470122e-01 -2.62102544e-01 8.07850540e-01
      -2.64187336e-01 8.13665330e-01 -2.66143054e-01 8.15568626e-01
      -2.90084809e-01 8.25764477e-01 -2.98772305e-01 8.28499436e-01
      -3.18758339e-01 8.30133200e-01 -3.30525458e-01 8.07547152e-01
      -3.29494327e-01 8.03477287e-01 -3.27130198e-01 7.98668742e-01
      -2.93928832e-01 7.82273233e-01 -2.84597874e-01 7.81026542e-01
      -2.75981426e-01 7.88912594e-01</contour2d>
    <histogram type_id="opencv-matrix">
      <rows>20</rows>
      <cols>1</cols>
      <dt>f</dt>
      <data>
        1.14541836e-02 1.56374514e-01 6.77290857e-01 3.58565748e-02
        1.74302794e-02 6.97211176e-03 2.49003991e-03 2.98804790e-03
        4.98007983e-04 4.98007983e-04 1.99203193e-03 4.98007983e-04
        4.98007983e-04 0. 0. 0. 0. 0. 4.98007983e-04 8.46613571e-02</data></histogram></_>
  <_><id>9</id>
    <height>1.0753202438354492e-01</height>
    <contour2d>
      -2.63027400e-01 9.05807197e-01 -2.60240376e-01 9.13348138e-01
      -2.59048164e-01 9.36099589e-01 -2.59787232e-01 9.37527835e-01
      -2.65578598e-01 9.41455662e-01 -2.76769727e-01 9.45559144e-01
      -3.21541399e-01 9.52855706e-01 -3.25093597e-01 9.51657176e-01
      -3.22823524e-01 9.17051971e-01 -3.20789218e-01 9.11644399e-01
      -3.17831337e-01 9.05527353e-01 -3.15426409e-01 9.03840542e-01
      -3.11834693e-01 9.02287841e-01 -3.04784298e-01 9.02309000e-01
      -2.74072856e-01 9.04525578e-01</contour2d>
    <histogram type_id="opencv-matrix">
      <rows>20</rows>
      <cols>1</cols>
