<?xml version="1.0"?>
<opencv_storage>
<obj>
  <_><id>1</id>
    <height>1.0011136531829834e-01</height>
    <contour2d>
      1.61465093e-01 4.96106237e-01 1.61764264e-01 4.97509509e-01
      1.58943921e-01 4.99659061e-01 7.71187618e-02 5.27238667e-01
      7.48659223e-02 5.27231872e-01 7.31520876e-02 5.22912204e-01
      7.10452721e-02 5.13563633e-01 7.14514181e-02 5.07451355e-01
      7.91974366e-02 4.99691248e-01 9.40805748e-02 4.88568932e-01
      9.61754620e-02 4.87881690e-01 9.90172923e-02 4.87164736e-01
      1.42997816e-01 4.84410346e-01 1.53659806e-01 4.87328738e-01
      1.55004293e-01 4.88031685e-01 1.60116956e-01 4.92543191e-01</contour2d>
    <histogram type_id="opencv-matrix">
      <rows>20</rows>
      <cols>1</cols>
      <dt>f</dt>
      <data>
        1.90045252e-01 1.35746617e-02 4.97737564e-02 9.04977415e-03 0.
        0. 0. 0. 0. 0. 0. 0. 0. 0. 1.35746617e-02 1.35746617e-02
        8.59728530e-02 3.75565618e-01 0. 2.48868793e-01</data></histogram></_>
  <_><id>2</id>
    <height>9.7810804843902588e-02</height>
    <contour2d>
      1.66517988e-01 4.99225557e-01 1.66507497e-01 4.99921560e-01
      8.14279243e-02 5.16706467e-01 7.40322843e-02 5.12453794e-01
      7.40647316e-02 5.10302305e-01 7.68828765e-02 5.01773775e-01
      7.86468461e-02 4.99657899e-01 8.07702616e-02 4.97576177e-01
      9.51332524e-02 4.87881601e-01 9.72281545e-02 4.87194359e-01
      1.06254928e-01 4.85817254e-01 1.43087953e-01 4.84546602e-01
      1.45146206e-01 4.84552771e-01 1.54387623e-01 4.85950172e-01
      1.58442780e-01 4.87366676e-01 1.62203237e-01 4.90118176e-01</contour2d>
    <histogram type_id="opencv-matrix">
      <rows>20</rows>
      <cols>1</cols>
      <dt>f</dt>
      <data>
        2.34615386e-01 1.15384618e-02 2.30769236e-02 0. 0. 0. 0. 0. 0.
        0. 0. 7.69230770e-03 7.69230770e-03 0. 7.69230770e-03
        4.61538471e-02 1.46153852e-01 4.42307681e-01 0. 7.30769262e-02</data></histogram></_>
  <_><id>3</id>
    <height>9.7874045372009277e-02</height>
    <contour2d>
      4.03480642e-02 5.57841361e-01 3.92661504e-02 5.60867906e-01
      3.39269452e-02 5.65463960e-01 -4.04490530e-02 5.55232823e-01
      -4.40276973e-02 5.52909493e-01 -4.48211804e-02 5.50859928e-01
      -4.50197011e-02 5.48541784e-01 -4.47094962e-02 5.47873735e-01
      -4.24857959e-02 5.44890046e-01 -3.54177281e-02 5.37511051e-01
      -2.98795216e-02 5.33867419e-01 -2.10231263e-02 5.29492438e-01
      -1.55881895e-02 5.28764725e-01 -1.45010650e-02 5.28767943e-01
      -1.40939280e-03 5.31002879e-01 8.04619864e-04 5.31745732e-01
      3.92410010e-02 5.55559397e-01</contour2d>
    <histogram type_id="opencv-matrix">
      <rows>20</rows>
      <cols>1</cols>
      <dt>f</dt>
      <data>
        4.27777797e-01 6.11111112e-02 0. 0. 0. 0. 0. 0. 0. 0. 0. 0. 0.
        0. 1.66666675e-02 0. 1.00000001e-01 3.55555564e-01 0.
        3.88888903e-02</data></histogram></_>
  <_><id>4</id>
    <height>9.7997009754180908e-02</height>
    <contour2d>
      7.90222511e-02 6.86342239e-01 7.60508999e-02 7.25108445e-01
      6.10733852e-02 7.40821779e-01 3.71471047e-02 7.64573634e-01
      2.46709194e-02 7.66576290e-01 1.89976599e-02 7.66559362e-01
      6.08680584e-03 7.61198640e-01 -1.04339421e-03 7.54936159e-01
      -1.22546302e-02 7.43363261e-01 -2.71516182e-02 7.22182333e-01
      -3.24030779e-02 7.14382052e-01 -3.23427618e-02 7.10853159e-01
      -3.06234360e-02 6.89164460e-01 -2.65627801e-02 6.82519734e-01
      -1.60588939e-02 6.70739412e-01 3.00502405e-04 6.54255569e-01
      3.90140526e-03 6.50993586e-01 6.67258538e-03 6.49246693e-01
      1.29019301e-02 6.45967543e-01 2.04602573e-02 6.44319117e-01
      2.67378855e-02 6.44337893e-01 4.14147973e-02 6.52606428e-01
      5.50698936e-02 6.61035419e-01 6.09709099e-02 6.65962577e-01
      7.73189142e-02 6.82958007e-01 7.87306875e-02 6.85530126e-01</contour2d>
    <histogram type_id="opencv-matrix">
      <rows>20</rows>
      <cols>1</cols>
      <dt>f</dt>
      <data>
        8.67070854e-01 1.53917903e-02 4.66417900e-04 0. 0. 0. 0. 0. 0.
        0. 0. 0. 0. 5.59701491e-03 9.32835799e-04 1.86567160e-03
        1.11940298e-02 4.38432842e-02 0. 5.36380596e-02</data></histogram></_>
  <_><id>5</id>
    <height>9.8297774791717529e-02</height>
    <contour2d>
      1.49980560e-01 5.34677207e-01 6.68178424e-02 5.55261552e-01
      6.44534379e-02 5.54463804e-01 5.97539470e-02 5.48930943e-01
      5.96409962e-02 5.45922995e-01 7.75754973e-02 5.31971335e-01
      9.80293751e-02 5.22514641e-01 1.29062936e-01 5.21943152e-01
      1.42675593e-01 5.24904490e-01 1.45060748e-01 5.25625348e-01</contour2d>
    <histogram type_id="opencv-matrix">
      <rows>20</rows>
      <cols>1</cols>
      <dt>f</dt>
      <data>
        2.88732380e-01 4.92957756e-02 0. 0. 0. 0. 0. 0. 0. 0. 0. 0. 0.
        7.04225339e-03 2.81690136e-02 3.52112651e-02 1.12676054e-01
        4.57746476e-01 0. 2.11267602e-02</data></histogram></_>
  <_><id>6</id>
    <height>9.9338829517364502e-02</height>
    <contour2d>
      -1.09422028e-01 5.50153971e-01 -1.11757614e-01 5.50920188e-01
      -1.15400039e-01 5.51633120e-01 -1.18024826e-01 5.51518857e-01
      -1.96264386e-01 5.45165837e-01 -1.99372947e-01 5.38488448e-01
      -1.98723227e-01 5.34814060e-01 -1.95400804e-01 5.32635033e-01
      -1.89629912e-01 5.30460536e-01 -1.58063501e-01 5.21809757e-01
      -1.48299515e-01 5.19685268e-01 -1.28518149e-01 5.19724548e-01
      -1.25312030e-01 5.21166027e-01 -1.12721145e-01 5.36561430e-01
      -1.09410375e-01 5.49380720e-01</contour2d>
    <histogram type_id="opencv-matrix">
      <rows>20</rows>
      <cols>1</cols>
      <dt>f</dt>
      <data>
        5.28846145e-01 5.76923080e-02 2.88461540e-02 0. 0. 0. 0. 0. 0.
        0. 0. 3.20512825e-03 6.41025649e-03 9.61538497e-03
        1.60256419e-02 9.61538497e-03 4.80769239e-02 1.92307696e-01 0.
        9.93589759e-02</data></histogram></_>
  <_><id>7</id>
    <height>9.8821938037872314e-02</height>
    <contour2d>
      6.10863492e-02 6.73217773e-01 6.04625046e-02 6.77249670e-01
      5.55272549e-02 6.82003975e-01 5.33311814e-02 6.83223486e-01
      -3.09117995e-02 6.93230867e-01 -3.32504287e-02 6.83363318e-01
      -3.30483243e-02 6.74139857e-01 -1.60905793e-02 6.61665082e-01
      -1.35434940e-02 6.60003781e-01 4.36805189e-04 6.58357143e-01
      2.33939234e-02 6.60067439e-01 4.95297983e-02 6.65891767e-01
      5.61596230e-02 6.68411255e-01 6.01276234e-02 6.70104384e-01
      6.04935065e-02 6.70849800e-01</contour2d>
    <histogram type_id="opencv-matrix">
      <rows>20</rows>
      <cols>1</cols>
      <dt>f</dt>
      <data>
        4.19999987e-01 9.99999978e-03 0. 0. 0. 0. 0. 0. 0. 0. 0. 0. 0.
        0. 0. 0. 1.99999996e-02 1.70000002e-01 0. 3.79999995e-01</data></histogram></_>
  <_><id>8</id>
    <height>9.9142193794250488e-02</height>
    <contour2d>
      6.21145144e-02 7.97879159e-01 6.38999641e-02 8.02108288e-01
      6.15047738e-02 8.48622203e-01 5.85764199e-02 8.53505075e-01
      3.38826850e-02 8.86705577e-01 1.46394707e-02 8.86098921e-01
      9.96658951e-03 8.84909809e-01 -1.53442845e-02 8.75452697e-01
      -2.62037851e-02 8.67800415e-01 -3.83278951e-02 8.54345918e-01
      -4.13126685e-02 8.50463927e-01 -4.49672043e-02 8.17437887e-01
      -1.35187916e-02 7.75941193e-01 -3.78995296e-03 7.68501699e-01
      6.08009472e-03 7.67649293e-01 3.21363620e-02 7.78451204e-01
      5.90363219e-02 7.95003295e-01</contour2d>
    <histogram type_id="opencv-matrix">
      <rows>20</rows>
      <cols>1</cols>
      <dt>f</dt>
      <data>
        8.27205896e-01 1.71568636e-02 0. 6.12745120e-04 0. 0. 0. 0. 0.
        0. 0. 0. 6.12745120e-04 4.28921590e-03 4.28921590e-03
        4.90196096e-03 2.38970593e-02 9.37500000e-02 0. 2.32843142e-02</data></histogram></_>
  <_><id>9</id>
    <height>9.9719166755676270e-02</height>
    <contour2d>
      1.35057345e-01 6.26817465e-01 1.34144396e-01 6.33876801e-01
      1.33085161e-01 6.34650946e-01 5.20716310e-02 6.52552247e-01
