<?xml version="1.0"?>
<opencv_storage>
<obj>
  <_><id>1</id>
    <height>3.5941660404205322e-02</height>
    <contour2d>
      -8.92439336e-02 7.17467368e-01 -9.09895599e-02 7.19981730e-01
      -1.19946517e-01 7.46732175e-01 -1.38998687e-01 7.50156343e-01
      -1.66400194e-01 7.50537217e-01 -1.90938443e-01 7.32953012e-01
      -1.99016660e-01 7.24263132e-01 -2.03634590e-01 7.14902163e-01
      -2.08938688e-01 7.00344563e-01 -2.08574802e-01 6.83083057e-01
      -1.78070515e-01 6.29386425e-01 -1.32348359e-01 6.25914276e-01
      -1.27821058e-01 6.26435101e-01 -1.18594423e-01 6.32776022e-01
      -1.03320926e-01 6.44660175e-01 -9.04685408e-02 6.58036828e-01
      -8.92035961e-02 6.60440683e-01 -8.68422613e-02 7.04662561e-01</contour2d>
    <histogram type_id="opencv-matrix">
      <rows>20</rows>
      <cols>1</cols>
      <dt>f</dt>
      <data>
        0. 0. 0. 0. 0. 0. 0. 0. 0. 2.06611566e-02 5.37190080e-01
        6.19834661e-03 0. 0. 0. 0. 0. 0. 0. 4.35950398e-01</data></histogram></_>
  <_><id>2</id>
    <height>3.4633517265319824e-02</height>
    <contour2d>
      -1.94723889e-01 6.03476226e-01 -1.99746862e-01 6.12021267e-01
      -2.01653853e-01 6.14313543e-01 -2.16259062e-01 6.25663936e-01
      -2.24304289e-01 6.28034711e-01 -2.33933166e-01 6.29837573e-01
      -2.61802107e-01 6.33653760e-01 -2.93324202e-01 6.19591892e-01
      -3.03977042e-01 5.97525358e-01 -3.09043884e-01 5.74643075e-01
      -3.09402674e-01 5.66966236e-01 -3.07677090e-01 5.58171868e-01
      -3.01560909e-01 5.47069430e-01 -2.62062341e-01 5.16628921e-01
      -2.52351433e-01 5.10712624e-01 -2.35512331e-01 5.07741928e-01
      -2.34253049e-01 5.07745683e-01 -2.31106505e-01 5.08963585e-01
      -2.11349562e-01 5.20664096e-01 -2.06509799e-01 5.24728119e-01
      -1.95541218e-01 5.36341488e-01 -1.95235357e-01 5.37118256e-01
      -1.92509428e-01 5.94047487e-01</contour2d>
    <histogram type_id="opencv-matrix">
      <rows>20</rows>
      <cols>1</cols>
      <dt>f</dt>
      <data>
        0. 0. 0. 0. 0. 0. 0. 0. 0. 2.74151433e-02 6.86684072e-01 0. 0.
        0. 0. 0. 0. 0. 0. 2.85900801e-01</data></histogram></_>
  <_><id>3</id>
    <height>3.1491756439208984e-02</height>
    <contour2d>
      -2.03683853e-01 9.16581571e-01 -2.37331197e-01 9.34272528e-01
      -2.67580152e-01 9.43857610e-01 -2.71314919e-01 9.43846464e-01
      -2.73419261e-01 9.43440795e-01 -2.95814067e-01 9.25044358e-01
      -2.98647553e-01 9.22528327e-01 -3.07545513e-01 8.99418831e-01
      -3.14121753e-01 8.75604987e-01 -3.14086050e-01 8.73236835e-01
      -2.93969482e-01 8.23339820e-01 -2.91380644e-01 8.22091401e-01
      -2.57654905e-01 8.17341864e-01 -2.50866473e-01 8.17362249e-01
      -2.32704565e-01 8.21259916e-01 -2.10379452e-01 8.28013301e-01
      -1.93865463e-01 8.33876133e-01 -1.91869661e-01 8.95340145e-01</contour2d>
    <histogram type_id="opencv-matrix">
      <rows>20</rows>
      <cols>1</cols>
      <dt>f</dt>
      <data>
        0. 0. 0. 0. 0. 0. 0. 0. 0. 7.24637695e-03 6.84782624e-01
        5.43478271e-03 0. 0. 0. 0. 0. 0. 0. 3.02536249e-01</data></histogram></_>
  <_><id>4</id>
    <height>3.5401821136474609e-02</height>
    <contour2d>
      3.13629992e-02 8.28379691e-01 2.65416503e-02 8.46676111e-01
      2.15302780e-02 8.59263241e-01 1.64183229e-02 8.66810203e-01
      -8.11436400e-03 8.82068932e-01 -1.34761687e-02 8.83238256e-01
      -1.88209191e-02 8.84043157e-01 -4.20023091e-02 8.83973777e-01
      -5.95793314e-02 8.77455831e-01 -6.65187910e-02 8.72264504e-01
      -7.81314969e-02 8.58611584e-01 -8.13235641e-02 8.53044748e-01
      -8.74679834e-02 8.40367317e-01 -8.99759829e-02 8.27003002e-01
      -8.96707773e-02 8.20094824e-01 -7.75297433e-02 7.82753170e-01
      -4.88552079e-02 7.67246902e-01 -3.09223495e-02 7.61006236e-01
      -2.76965275e-02 7.61015892e-01 -4.99444827e-03 7.65355766e-01
      1.27738528e-03 7.67240405e-01 2.81132385e-03 7.67847002e-01
      1.14187710e-02 7.73255169e-01 1.97639354e-02 7.84466147e-01
      2.91440897e-02 8.19321215e-01</contour2d>
    <histogram type_id="opencv-matrix">
      <rows>20</rows>
      <cols>1</cols>
      <dt>f</dt>
      <data>
        0. 0. 0. 0. 0. 0. 0. 0. 0. 2.54041571e-02 7.39030018e-02 0. 0.
        0. 0. 0. 0. 0. 0. 9.00692821e-01</data></histogram></_>
  <_><id>5</id>
    <height>3.3698499202728271e-02</height>
    <contour2d>
      1.84405476e-01 7.02535212e-01 1.84271365e-01 7.12067246e-01
      1.79914892e-01 7.24189639e-01 1.73215568e-01 7.38393366e-01
      1.48920178e-01 7.62449324e-01 1.39709949e-01 7.66873002e-01
      9.77282450e-02 7.58029401e-01 9.10605341e-02 7.55415201e-01
      7.55873546e-02 7.43526697e-01 7.01770782e-02 7.32979178e-01
      6.43930957e-02 7.15700090e-01 6.76332638e-02 6.76581919e-01
      6.90919310e-02 6.70904338e-01 8.52451995e-02 6.54134572e-01
      8.68734792e-02 6.52892113e-01 1.00533664e-01 6.44144714e-01
      1.36496067e-01 6.41891897e-01 1.49627030e-01 6.44858360e-01
      1.59312129e-01 6.50297999e-01 1.61215454e-01 6.52682662e-01
      1.79302096e-01 6.86111629e-01 1.83925807e-01 7.00050294e-01</contour2d>
    <histogram type_id="opencv-matrix">
      <rows>20</rows>
      <cols>1</cols>
      <dt>f</dt>
      <data>
        0. 0. 0. 0. 0. 0. 0. 0. 0. 6.87285233e-03 5.39518893e-01
        1.89003441e-02 0. 0. 0. 0. 0. 0. 0. 4.34707910e-01</data></histogram></_>
  <_><id>6</id>
    <height>3.3896863460540771e-02</height>
    <contour2d>
      2.42022917e-01 5.39920509e-01 2.46360675e-01 5.56293905e-01
      2.46301666e-01 5.70505857e-01 2.45654926e-01 5.73602557e-01
      2.42305055e-01 5.82948089e-01 2.30863586e-01 5.99377096e-01
      2.15101942e-01 6.13941967e-01 2.08954394e-01 6.16904199e-01
      2.00739250e-01 6.19443595e-01 1.96183398e-01 6.20626211e-01
      1.89394265e-01 6.21292233e-01 1.62784681e-01 6.20013654e-01
      1.58097178e-01 6.16751552e-01 1.40542150e-01 6.02463484e-01
      1.34743601e-01 5.94321191e-01 1.32869139e-01 5.29309154e-01
      1.33125752e-01 5.27329266e-01 1.38357252e-01 5.17669320e-01
      1.60396114e-01 5.04610121e-01 1.74835831e-01 5.00834048e-01
      1.99010432e-01 4.99127448e-01 2.08974451e-01 5.02489388e-01
      2.18174741e-01 5.09703219e-01</contour2d>
    <histogram type_id="opencv-matrix">
      <rows>20</rows>
      <cols>1</cols>
      <dt>f</dt>
      <data>
        0. 0. 0. 0. 0. 0. 0. 0. 0. 1.01265823e-02 6.86075926e-01
        7.97468349e-02 0. 0. 0. 0. 0. 0. 0. 2.24050641e-01</data></histogram></_>
  <_><id>7</id>
    <height>3.4141957759857178e-02</height>
    <contour2d>
      -2.15320826e-01 6.84233069e-01 -2.14937732e-01 6.89805448e-01
      -2.22006202e-01 7.33459532e-01 -2.23468736e-01 7.39000738e-01
      -2.31482029e-01 7.53083587e-01 -2.33119681e-01 7.55215287e-01
      -2.61726677e-01 7.70318627e-01 -2.65259415e-01 7.71079123e-01
      -2.81535804e-01 7.72112250e-01 -2.97457695e-01 7.70211399e-01
      -3.01675051e-01 7.68656552e-01 -3.21771771e-01 7.55711615e-01
      -3.31728816e-01 7.42314696e-01 -3.37329388e-01 7.23396719e-01
      -3.38252991e-01 6.98362231e-01 -3.12594116e-01 6.58164263e-01
      -3.07047307e-01 6.55083179e-01 -3.01120192e-01 6.52164996e-01
      -2.84248620e-01 6.49836659e-01 -2.63383061e-01 6.48224235e-01
      -2.52277583e-01 6.49421215e-01 -2.40880296e-01 6.56260371e-01
      -2.32267246e-01 6.64468944e-01 -2.17581138e-01 6.81057572e-01</contour2d>
    <histogram type_id="opencv-matrix">
      <rows>20</rows>
      <cols>1</cols>
      <dt>f</dt>
      <data>
        0. 0. 0. 0. 0. 0. 0. 0. 0. 5.93749993e-02 6.92187488e-01 0. 0.
        0. 0. 0. 0. 0. 0. 2.48437509e-01</data></histogram></_>
  <_><id>8</id>
    <height>3.5181403160095215e-02</height>
    <contour2d>
      -3.95982191e-02 9.38234806e-01 -4.34820578e-02 9.44525719e-01
      -4.73713353e-02 9.50387657e-01 -5.12719750e-02 9.55016732e-01
      -6.50321394e-02 9.69372094e-01 -8.23859572e-02 9.74420190e-01
      -9.56125408e-02 9.73936617e-01 -1.01389647e-01 9.73507643e-01
