<?xml version="1.0"?>
<opencv_storage>
<obj>
  <_><id>1</id>
    <height>1.7813575267791748e-01</height>
    <contour2d>
      1.12424046e-02 6.37911439e-01 1.12712756e-02 6.45742059e-01
      9.85999778e-03 6.47402883e-01 -1.18573569e-03 6.49393201e-01
      -5.36680669e-02 6.53570890e-01 -5.50452173e-02 6.53566718e-01
      -5.77041060e-02 6.50063276e-01 -5.75549081e-02 6.45833254e-01
      -5.37131578e-02 6.38119102e-01 -4.61051986e-02 6.31413221e-01
      -3.87965739e-02 6.26019478e-01 -2.13318169e-02 6.20032430e-01
      -1.41783878e-02 6.20463133e-01 -9.83263366e-03 6.22235537e-01
      -1.09347329e-03 6.27291799e-01 9.68291983e-03 6.34151220e-01
      1.04275588e-02 6.34760261e-01</contour2d>
    <histogram type_id="opencv-matrix">
      <rows>20</rows>
      <cols>1</cols>
      <dt>f</dt>
      <data>
        0. 0. 0. 0. 0. 0. 0. 0. 5.19210845e-03 9.32502627e-01
        6.49013510e-03 0. 0. 0. 0. 0. 0. 0. 0. 5.58151640e-02</data></histogram></_>
  <_><id>2</id>
    <height>2.3032683134078979e-01</height>
    <contour2d>
      1.71372324e-01 6.34642541e-01 1.71348482e-01 6.36223793e-01
      1.70432732e-01 6.41222000e-01 1.46949738e-01 6.55102074e-01
      1.05466887e-01 6.56770527e-01 1.02612041e-01 6.55217052e-01
      1.02621011e-01 6.42586768e-01 1.11027434e-01 6.34219229e-01
      1.21155307e-01 6.25825763e-01 1.23894706e-01 6.24193847e-01
      1.32975191e-01 6.19804502e-01 1.39299676e-01 6.19334400e-01
      1.46531597e-01 6.19356096e-01 1.51648343e-01 6.20961010e-01
      1.57064617e-01 6.23620629e-01 1.70246184e-01 6.33218527e-01</contour2d>
    <histogram type_id="opencv-matrix">
      <rows>20</rows>
      <cols>1</cols>
      <dt>f</dt>
      <data>
        0. 0. 0. 0. 0. 0. 0. 2.32504070e-04 2.79004872e-03
        8.68635178e-01 1.34852361e-02 0. 0. 0. 0. 0. 0. 0. 0.
        1.14857011e-01</data></histogram></_>
  <_><id>3</id>
    <height>2.0580101013183594e-01</height>
    <contour2d>
      1.68581441e-01 7.33975291e-01 1.68446541e-01 7.38697529e-01
      1.66409537e-01 7.40217268e-01 1.32244483e-01 7.61748910e-01
      1.28452212e-01 7.61623681e-01 1.04382798e-01 7.56469607e-01
      9.95962843e-02 7.50232875e-01 9.96124223e-02 7.49162078e-01
      1.01040810e-01 7.41251528e-01 1.19014002e-01 7.24029541e-01
      1.20797805e-01 7.22650588e-01 1.23644538e-01 7.21199155e-01
      1.51201561e-01 7.17631638e-01 1.63686290e-01 7.25050390e-01
      1.67477861e-01 7.31352985e-01</contour2d>
    <histogram type_id="opencv-matrix">
      <rows>20</rows>
      <cols>1</cols>
      <dt>f</dt>
      <data>
        0. 0. 0. 0. 0. 0. 0. 1.12866820e-03 5.64334076e-03
        9.20428932e-01 1.49548538e-02 0. 0. 0. 0. 0. 0. 0. 0.
        5.78442439e-02</data></histogram></_>
  <_><id>4</id>
    <height>1.7660307884216309e-01</height>
    <contour2d>
      2.40331516e-04 7.78359652e-01 1.69891864e-04 7.80901670e-01
      -4.77069989e-04 7.85439432e-01 -7.66468234e-03 7.90866613e-01
      -3.43108363e-02 7.96872020e-01 -6.09572083e-02 7.95788169e-01
      -6.92119673e-02 7.94211388e-01 -6.89903349e-02 7.76416838e-01
      -6.74663633e-02 7.75436342e-01 -5.58971837e-02 7.69304395e-01
      -4.54498157e-02 7.64793932e-01 -3.58747840e-02 7.63543963e-01
      -2.77160034e-02 7.63080537e-01 -2.27929242e-02 7.63436019e-01
      -2.11536102e-02 7.64194608e-01 -6.29459880e-03 7.73581564e-01</contour2d>
    <histogram type_id="opencv-matrix">
      <rows>20</rows>
      <cols>1</cols>
      <dt>f</dt>
      <data>
        0. 0. 0. 0. 0. 0. 0. 0. 3.59947653e-03 9.01505232e-01
        1.27617801e-02 6.54450268e-04 0. 0. 0. 0. 0. 0. 0.
        8.14790577e-02</data></histogram></_>
  <_><id>5</id>
    <height>1.8391793966293335e-01</height>
    <contour2d>
      -1.60071254e-01 6.85613275e-01 -1.64618418e-01 6.93045318e-01
      -2.29170352e-01 6.72620893e-01 -2.31076717e-01 6.68541074e-01
      -2.17565268e-01 6.59533203e-01 -2.08722800e-01 6.54113233e-01
      -2.03569457e-01 6.53215528e-01 -1.91992834e-01 6.51561916e-01
      -1.90550208e-01 6.51566267e-01 -1.83587164e-01 6.53174877e-01
      -1.80835471e-01 6.54868186e-01 -1.68253288e-01 6.67281806e-01
      -1.61545917e-01 6.78774416e-01</contour2d>
    <histogram type_id="opencv-matrix">
      <rows>20</rows>
      <cols>1</cols>
      <dt>f</dt>
      <data>
        0. 0. 0. 0. 0. 0. 0. 0. 2.02146228e-02 9.01172876e-01
        1.09807830e-02 0. 0. 0. 0. 0. 0. 0. 0. 6.76316395e-02</data></histogram></_>
  <_><id>6</id>
    <height>1.9801604747772217e-01</height>
    <contour2d>
      -3.12825851e-03 5.40245056e-01 -3.19494121e-03 5.44671416e-01
      -7.94882886e-03 5.47822893e-01 -2.80209500e-02 5.54612219e-01
      -5.29807881e-02 5.52310586e-01 -5.95968142e-02 5.50775707e-01
      -7.15997294e-02 5.46764553e-01 -7.15117753e-02 5.45251667e-01
      -7.05617145e-02 5.42739630e-01 -6.84177279e-02 5.38620055e-01
      -6.27754331e-02 5.32653809e-01 -5.98847941e-02 5.30230641e-01
      -4.63577658e-02 5.20530641e-01 -4.23642322e-02 5.19344032e-01
      -4.10600528e-02 5.19347906e-01 -3.19300964e-02 5.20772874e-01
      -2.28796974e-02 5.22683978e-01 -1.89214554e-02 5.24158537e-01
      -1.38534596e-02 5.27386963e-01 -4.38609812e-03 5.37311733e-01</contour2d>
    <histogram type_id="opencv-matrix">
      <rows>20</rows>
      <cols>1</cols>
      <dt>f</dt>
      <data>
        0. 0. 0. 0. 0. 0. 0. 0. 1.62583012e-02 9.36798751e-01
        6.18273439e-03 0. 0. 0. 0. 0. 0. 0. 0. 4.07602489e-02</data></histogram></_>
  <_><id>7</id>
    <height>2.0207351446151733e-01</height>
    <contour2d>
      1.79750234e-01 6.12576306e-01 1.79707080e-01 6.15441203e-01
      1.79062277e-01 6.22674167e-01 1.74956679e-01 6.31499410e-01
      1.52383834e-01 6.44030333e-01 1.37457520e-01 6.48107171e-01
      1.36218846e-01 6.48103476e-01 1.22311644e-01 6.43728852e-01
      1.19054429e-01 6.41358316e-01 1.16613619e-01 6.38389826e-01
      1.15010493e-01 6.35406613e-01 1.15025200e-01 6.34430468e-01
      1.23172365e-01 6.21501148e-01 1.27822310e-01 6.16524935e-01
      1.35398835e-01 6.09428644e-01 1.42647564e-01 6.05631351e-01
      1.46947920e-01 6.03749096e-01 1.54293716e-01 6.04430020e-01</contour2d>
    <histogram type_id="opencv-matrix">
      <rows>20</rows>
      <cols>1</cols>
      <dt>f</dt>
      <data>
        0. 0. 0. 0. 0. 0. 0. 4.75285167e-04 1.66349811e-03
        9.07081723e-01 3.70722413e-02 0. 0. 0. 0. 0. 0. 0. 0.
        5.37072234e-02</data></histogram></_>
  <_><id>8</id>
    <height>2.0546567440032959e-01</height>
    <contour2d>
      -4.64104787e-02 9.80938673e-01 -4.66266125e-02 9.85565901e-01
      -4.85856012e-02 9.91648376e-01 -5.19391000e-02 9.95616794e-01
      -6.45630881e-02 9.97945666e-01 -1.08737662e-01 9.98703480e-01
      -1.20259240e-01 9.94871736e-01 -1.20022945e-01 9.90573466e-01
      -1.13863893e-01 9.77316737e-01 -1.13290250e-01 9.76471901e-01
      -9.74172726e-02 9.66322184e-01 -8.81510973e-02 9.61246908e-01
      -7.11325705e-02 9.65936244e-01 -5.93975857e-02 9.71506536e-01</contour2d>
    <histogram type_id="opencv-matrix">
      <rows>20</rows>
      <cols>1</cols>
      <dt>f</dt>
      <data>
        0. 0. 0. 3.69412621e-04 1.47765048e-03 1.84706307e-03
        7.38825242e-04 2.21647578e-03 1.77318063e-02 9.04322088e-01
        1.47765046e-02 2.58588837e-03 0. 0. 0. 0. 0. 0. 8.12707748e-03
        4.58071642e-02</data></histogram></_>
  <_><id>9</id>
    <height>2.2415667772293091e-01</height>
    <contour2d>
      -1.09417669e-01 8.06219757e-01 -1.11193582e-01 8.08113575e-01
      -1.32480636e-01 8.20494711e-01 -1.66107476e-01 8.05823267e-01
      -1.76539883e-01 7.96739757e-01 -1.77818358e-01 7.88969696e-01
      -1.77785009e-01 7.86755919e-01 -1.77392349e-01 7.83005953e-01
      -1.74066827e-01 7.71725595e-01 -1.46768466e-01 7.69028306e-01
      -1.39534056e-01 7.69642234e-01 -1.21558577e-01 7.81112731e-01
      -1.08830743e-01 7.93901563e-01</contour2d>
    <histogram type_id="opencv-matrix">
      <rows>20</rows>
      <cols>1</cols>
      <dt>f</dt>
      <data>
