<?xml version="1.0"?>
<opencv_storage>
<obj>
  <_><id>1</id>
    <height>6.6513717174530029e-02</height>
    <contour2d>
      1.21912718e-01 7.49920607e-01 1.09002352e-01 7.63431787e-01
      1.00116119e-01 7.67605126e-01 8.58238041e-02 7.72816718e-01
      6.71907961e-02 7.74090409e-01 6.05878010e-02 7.70639181e-01
      5.07342070e-02 7.64558971e-01 4.59189937e-02 7.59838402e-01
      4.08581495e-02 7.50968158e-01 4.14087251e-02 7.16664910e-01
      4.15855981e-02 7.16148198e-01 5.24782836e-02 7.03879833e-01
      5.91975525e-02 6.96894526e-01 6.81337640e-02 6.93962932e-01
      8.44647661e-02 6.92039609e-01 9.09551084e-02 6.94047749e-01
      9.85185578e-02 6.96798921e-01 1.15897492e-01 7.07237303e-01
      1.21928334e-01 7.48884678e-01</contour2d>
    <histogram type_id="opencv-matrix">
      <rows>20</rows>
      <cols>1</cols>
      <dt>f</dt>
      <data>
        0. 0. 0. 0. 0. 0. 0. 0. 0. 0. 7.06521720e-02 0. 0. 0. 0. 0. 0.
        0. 0. 9.29347873e-01</data></histogram></_>
  <_><id>2</id>
    <height>7.0201694965362549e-02</height>
    <contour2d>
      -5.18349372e-03 8.04077387e-01 -2.74684280e-04 8.35649908e-01
      -2.91578472e-04 8.36767793e-01 -5.01979887e-03 8.44160140e-01
      -2.59115994e-02 8.70421052e-01 -5.16148023e-02 8.67004454e-01
      -5.66778444e-02 8.65319669e-01 -7.16561005e-02 8.58301222e-01
      -7.63788372e-02 8.50747168e-01 -8.26036185e-02 8.39049935e-01
      -8.40268582e-02 8.34353030e-01 -8.40100497e-02 8.33240092e-01
      -7.58948326e-02 8.03263962e-01 -6.68410286e-02 7.93686211e-01
      -5.70758581e-02 7.88633406e-01 -5.05764335e-02 7.85717010e-01
      -4.41528298e-02 7.84395039e-01 -3.77465412e-02 7.85209298e-01
      -2.17281058e-02 7.91140020e-01 -7.17678666e-03 8.01915109e-01</contour2d>
    <histogram type_id="opencv-matrix">
      <rows>20</rows>
      <cols>1</cols>
      <dt>f</dt>
      <data>
        0. 0. 0. 0. 0. 0. 0. 0. 0. 0. 3.26797389e-03 0. 0. 0. 0. 0. 0.
        0. 0. 9.96732056e-01</data></histogram></_>
  <_><id>3</id>
    <height>6.6723704338073730e-02</height>
    <contour2d>
      -6.23698533e-02 7.30812311e-01 -7.02718794e-02 7.38200843e-01
      -7.81265944e-02 7.42798805e-01 -8.29081982e-02 7.45371401e-01
      -1.03324421e-01 7.47409821e-01 -1.06419265e-01 7.47400582e-01
      -1.09403506e-01 7.46610641e-01 -1.23012207e-01 7.41929948e-01
      -1.35755181e-01 7.24889457e-01 -1.37540132e-01 7.16124237e-01
      -1.37524962e-01 7.15116918e-01 -1.28644139e-01 6.78574800e-01
      -1.26875639e-01 6.75162733e-01 -1.12927169e-01 6.71002090e-01
      -9.67218950e-02 6.66921794e-01 -9.52848718e-02 6.66926086e-01
      -9.15658101e-02 6.67265773e-01 -8.11746493e-02 6.70136869e-01
      -7.16014281e-02 6.78233981e-01 -6.39144257e-02 6.86125517e-01
      -6.08952902e-02 6.89625323e-01 -5.58739640e-02 7.21404731e-01
      -5.75001724e-02 7.23941922e-01</contour2d>
    <histogram type_id="opencv-matrix">
      <rows>20</rows>
      <cols>1</cols>
      <dt>f</dt>
      <data>
        0. 0. 0. 0. 0. 0. 0. 0. 0. 0. 3.77265245e-01 4.94233938e-03 0.
        0. 0. 0. 0. 0. 0. 6.17792428e-01</data></histogram></_>
  <_><id>4</id>
    <height>7.0093750953674316e-02</height>
    <contour2d>
      1.67841669e-02 6.16561532e-01 6.06335513e-03 6.25845850e-01
      1.93386897e-03 6.27463758e-01 -2.57317685e-02 6.28092349e-01
      -3.12166959e-02 6.25941992e-01 -3.93041335e-02 6.19626820e-01
      -4.85844687e-02 6.11737669e-01 -4.97025847e-02 6.02424622e-01
      -4.98721004e-02 5.98182976e-01 -4.52375188e-02 5.68094373e-01
      -4.41751704e-02 5.62012970e-01 -4.27826792e-02 5.58968365e-01
      -2.58653574e-02 5.50783992e-01 -2.20129713e-02 5.49943805e-01
      -1.43210329e-02 5.49115181e-01 -2.99970433e-03 5.49445808e-01
      2.12138705e-03 5.51628351e-01 9.80146043e-03 5.55187106e-01
      1.93379316e-02 5.62005341e-01 2.32354794e-02 5.66137493e-01
      2.84375455e-02 5.99195063e-01</contour2d>
    <histogram type_id="opencv-matrix">
      <rows>20</rows>
      <cols>1</cols>
      <dt>f</dt>
      <data>
        0. 0. 0. 0. 0. 0. 0. 0. 0. 0. 7.77576864e-01 3.88788432e-02 0.
        0. 0. 0. 0. 0. 0. 1.83544308e-01</data></histogram></_>
  <_><id>5</id>
    <height>6.7804992198944092e-02</height>
    <contour2d>
      1.50255263e-01 6.65013909e-01 1.46319777e-01 6.70299768e-01
      1.38828784e-01 6.79534554e-01 1.34857416e-01 6.81980014e-01
      1.26363039e-01 6.86712980e-01 1.19517855e-01 6.89906001e-01
      1.09124415e-01 6.93804622e-01 1.06171779e-01 6.93795800e-01
      8.55737627e-02 6.81610346e-01 7.61799887e-02 6.72306299e-01
      7.30225816e-02 6.64335728e-01 6.77758902e-02 6.38001323e-01
      6.77899048e-02 6.37071133e-01 8.30246508e-02 6.21199608e-01
      9.29868221e-02 6.14472032e-01 1.03757702e-01 6.11084700e-01
      1.09751396e-01 6.11384988e-01 1.34654760e-01 6.15202546e-01
      1.36021823e-01 6.16125584e-01 1.41016245e-01 6.21162772e-01
      1.50518358e-01 6.51509523e-01 1.51591927e-01 6.57989144e-01</contour2d>
    <histogram type_id="opencv-matrix">
      <rows>20</rows>
      <cols>1</cols>
      <dt>f</dt>
      <data>
        0. 0. 0. 0. 0. 0. 0. 0. 0. 8.17995891e-03 4.02862966e-01
        3.27198356e-02 0. 0. 0. 0. 0. 0. 0. 5.56237221e-01</data></histogram></_>
  <_><id>6</id>
    <height>7.0009052753448486e-02</height>
    <contour2d>
      2.13830754e-01 7.75850117e-01 2.09430352e-01 7.92858303e-01
      2.07232639e-01 7.98217237e-01 1.92554846e-01 8.13024700e-01
      1.84814870e-01 8.15717816e-01 1.74952537e-01 8.16780210e-01
      1.66974828e-01 8.16477716e-01 1.46933451e-01 8.11518490e-01
      1.37550309e-01 8.01494360e-01 1.31238669e-01 7.68193543e-01
      1.33045167e-01 7.60276675e-01 1.34700835e-01 7.57072926e-01
      1.47855639e-01 7.42499053e-01 1.62069723e-01 7.36882985e-01
      1.65760919e-01 7.35849321e-01 1.73438534e-01 7.34852552e-01
      1.82073459e-01 7.37967789e-01 1.98257282e-01 7.46003330e-01
      2.02880755e-01 7.49125063e-01 2.13044167e-01 7.71361709e-01</contour2d>
    <histogram type_id="opencv-matrix">
      <rows>20</rows>
      <cols>1</cols>
      <dt>f</dt>
      <data>
        0. 0. 0. 0. 0. 0. 0. 0. 0. 0. 6.15560591e-01 1.44164756e-01 0.
        0. 0. 0. 0. 0. 0. 2.40274593e-01</data></histogram></_>
  <_><id>7</id>
    <height>6.7352712154388428e-02</height>
    <contour2d>
      7.96038359e-02 7.66490221e-01 7.10609704e-02 7.81780839e-01
      6.50890023e-02 7.90021181e-01 6.35766089e-02 7.90817678e-01
      5.08145876e-02 7.95601308e-01 2.47921012e-02 7.93372750e-01
      1.50755383e-02 7.88796544e-01 8.61450471e-03 7.84245074e-01
      2.27779523e-03 7.79186606e-01 -1.14679709e-03 7.41792202e-01
      -1.13129057e-03 7.40763724e-01 3.78107652e-04 7.36397982e-01
      6.55517168e-03 7.29763031e-01 1.53451860e-02 7.23150611e-01
      1.84106044e-02 7.21140146e-01 2.73772962e-02 7.16864049e-01
      3.34551223e-02 7.14870095e-01 3.96754593e-02 7.14388907e-01
      5.75692095e-02 7.19972849e-01 6.73894137e-02 7.24341512e-01
      8.06267262e-02 7.60467589e-01</contour2d>
    <histogram type_id="opencv-matrix">
      <rows>20</rows>
      <cols>1</cols>
      <dt>f</dt>
      <data>
        0. 0. 0. 0. 0. 0. 0. 0. 0. 0. 2.73972601e-02 3.42465751e-03 0.
        0. 0. 0. 0. 0. 0. 9.69178081e-01</data></histogram></_>
  <_><id>8</id>
    <height>7.5971603393554688e-02</height>
    <contour2d>
      -2.45382376e-02 5.47774553e-01 -2.10414454e-02 5.80451906e-01
      -2.10813414e-02 5.83100259e-01 -2.24232506e-02 5.88980615e-01
      -2.38655098e-02 5.92221200e-01 -2.65806112e-02 5.95368981e-01
      -4.04037498e-02 6.09952271e-01 -4.58511189e-02 6.10840023e-01
      -6.08211756e-02 6.12603247e-01 -6.21796101e-02 6.12599194e-01
      -7.55254924e-02 6.10447824e-01 -7.81479031e-02 6.09736145e-01
      -9.73610133e-02 5.93379498e-01 -9.86907557e-02 5.80545485e-01
      -9.85628739e-02 5.78990400e-01 -8.89747292e-02 5.46154976e-01
      -8.40004385e-02 5.41212618e-01 -6.41884282e-02 5.32215834e-01
