<?xml version="1.0"?>
<opencv_storage>
<obj>
  <_><id>1</id>
    <height>5.0833940505981445e-02</height>
    <contour2d>
      -1.09875305e-02 8.01596403e-01 -3.92860547e-02 8.16403985e-01
      -1.23786628e-01 7.92801499e-01 -1.25235289e-01 7.91960180e-01
      -1.40291288e-01 7.75809288e-01 -1.41685382e-01 7.73963749e-01
      -1.41656384e-01 7.72942126e-01 -1.32569745e-01 7.58295774e-01
      -1.30875215e-01 7.57522047e-01 -1.29319936e-01 7.57540464e-01
      -1.06557705e-01 7.62797356e-01 -1.11466441e-02 7.90094554e-01</contour2d>
    <histogram type_id="opencv-matrix">
      <rows>20</rows>
      <cols>1</cols>
      <dt>f</dt>
      <data>
        6.38977624e-03 0. 0. 0. 0. 3.19488812e-03 0. 0. 6.38977624e-03
        9.58466437e-03 4.79233228e-02 1.27795525e-02 0. 0. 0. 0. 0. 0.
        0. 9.13738012e-01</data></histogram></_>
  <_><id>2</id>
    <height>5.2586197853088379e-02</height>
    <contour2d>
      1.76021203e-01 6.80453897e-01 1.75798431e-01 6.78762794e-01
      1.71386316e-01 5.74995697e-01 1.75781786e-01 5.56210041e-01
      1.77138507e-01 5.54843307e-01 1.81815282e-01 5.53463697e-01
      2.03523025e-01 5.51740110e-01 2.06508160e-01 5.51775515e-01
      2.08147883e-01 5.59533179e-01 2.08621904e-01 6.67845666e-01
      2.03157008e-01 6.73116982e-01 1.96038306e-01 6.75781906e-01
      1.80329382e-01 6.80504978e-01</contour2d>
    <histogram type_id="opencv-matrix">
      <rows>20</rows>
      <cols>1</cols>
      <dt>f</dt>
      <data>
        0. 0. 0. 0. 0. 0. 0. 0. 0. 6.32911362e-03 2.74261590e-02
        2.53164545e-02 2.10970454e-03 0. 0. 0. 0. 0. 0. 9.38818514e-01</data></histogram></_>
  <_><id>3</id>
    <height>5.2645623683929443e-02</height>
    <contour2d>
      3.32569629e-02 6.26402617e-01 2.30159778e-02 6.30125165e-01
      1.62329245e-02 6.31797671e-01 6.74970634e-03 6.31820202e-01
      1.67772174e-04 6.31330371e-01 -7.60367289e-02 5.56895018e-01
      -7.59895965e-02 5.55234671e-01 -7.43951946e-02 5.53393841e-01
      -6.37085885e-02 5.43601751e-01 -5.75582683e-02 5.38378596e-01
      -5.46410233e-02 5.37480950e-01 -5.33856302e-02 5.37495852e-01
      -4.87242863e-02 5.39960861e-01 -3.49842906e-02 5.50399542e-01
      3.34329978e-02 6.20201349e-01</contour2d>
    <histogram type_id="opencv-matrix">
      <rows>20</rows>
      <cols>1</cols>
      <dt>f</dt>
      <data>
        0. 0. 0. 0. 0. 0. 0. 0. 2.99850083e-03 2.24887561e-02
        9.44527760e-02 5.99700166e-03 0. 0. 0. 0. 0. 0. 0.
        8.74063015e-01</data></histogram></_>
  <_><id>4</id>
    <height>5.2725970745086670e-02</height>
    <contour2d>
      -1.61301762e-01 5.61155915e-01 -1.61084935e-01 5.82262397e-01
      -1.61475435e-01 5.89555979e-01 -1.62865341e-01 5.92110693e-01
      -1.67290941e-01 5.95185280e-01 -1.71325952e-01 5.97715855e-01
      -2.68808186e-01 6.02895498e-01 -2.86143035e-01 6.03417754e-01
      -2.94551194e-01 5.90546012e-01 -2.95028239e-01 5.87422967e-01
      -2.94011563e-01 5.84713221e-01 -2.91332930e-01 5.83033323e-01
      -2.84920484e-01 5.80874324e-01 -2.54906625e-01 5.73542893e-01
      -1.85667023e-01 5.62327564e-01 -1.62764728e-01 5.60992718e-01</contour2d>
    <histogram type_id="opencv-matrix">
      <rows>20</rows>
      <cols>1</cols>
      <dt>f</dt>
      <data>
        0. 0. 0. 0. 0. 0. 0. 0. 0. 3.76647827e-03 2.29755178e-01
        9.41619556e-03 5.64971752e-03 0. 0. 0. 0. 0. 0. 7.51412392e-01</data></histogram></_>
  <_><id>5</id>
    <height>5.4567694664001465e-02</height>
    <contour2d>
      -3.22776794e-01 5.46842754e-01 -3.18801194e-01 5.51366746e-01
      -3.20445806e-01 5.66635370e-01 -3.26793194e-01 6.20407164e-01
      -3.36092591e-01 6.60203040e-01 -3.38910669e-01 6.67058229e-01
      -3.68084550e-01 6.59167051e-01 -3.58598143e-01 5.49122989e-01
      -3.53379607e-01 5.42156398e-01 -3.49387109e-01 5.41055262e-01
      -3.46850246e-01 5.41085303e-01 -3.35640937e-01 5.43507755e-01
      -3.24820131e-01 5.46142340e-01</contour2d>
    <histogram type_id="opencv-matrix">
      <rows>20</rows>
      <cols>1</cols>
      <dt>f</dt>
      <data>
        0. 0. 0. 0. 0. 0. 0. 0. 0. 2.07547173e-02 8.20754707e-01
        2.07547173e-02 0. 0. 0. 0. 0. 0. 0. 1.37735844e-01</data></histogram></_>
  <_><id>7</id>
    <height>5.4620862007141113e-02</height>
    <contour2d>
      -3.51559371e-01 8.08199942e-01 -3.55914086e-01 8.17946553e-01
      -3.79890680e-01 8.22432995e-01 -4.68064159e-01 8.27507377e-01
      -4.69686508e-01 8.27488184e-01 -4.75617707e-01 8.25517297e-01
      -4.83573496e-01 8.17633688e-01 -4.84558016e-01 8.13633919e-01
      -4.85029042e-01 8.06115866e-01 -4.84891683e-01 8.05345595e-01
      -4.81989354e-01 7.98148692e-01 -4.79304850e-01 7.96544433e-01
      -4.24917668e-01 7.90675163e-01 -3.81332397e-01 7.87064016e-01
      -3.69723439e-01 7.86240160e-01 -3.64923537e-01 7.86297023e-01
      -3.61444384e-01 7.87591100e-01 -3.58787656e-01 7.90487945e-01</contour2d>
    <histogram type_id="opencv-matrix">
      <rows>20</rows>
      <cols>1</cols>
      <dt>f</dt>
      <data>
        1.37931039e-03 8.27586278e-03 0. 0. 0. 0. 0. 0. 1.37931039e-03
        6.89655170e-03 9.43448305e-01 1.93103459e-02 2.75862077e-03 0.
        0. 0. 0. 2.75862077e-03 0. 1.37931034e-02</data></histogram></_>
  <_><id>8</id>
    <height>5.1973402500152588e-02</height>
    <contour2d>
      -5.21658361e-02 7.70831704e-01 -5.21950126e-02 7.71859348e-01
      -5.70217669e-02 7.77604878e-01 -1.38021380e-01 8.35211098e-01
      -1.44476935e-01 8.36417437e-01 -1.54720142e-01 8.37767005e-01
      -1.57998323e-01 8.37728202e-01 -1.69508249e-01 8.30466986e-01
      -1.71122417e-01 8.26902449e-01 -1.71346322e-01 8.24200690e-01
      -1.71030253e-01 8.23655844e-01 -8.28937814e-02 7.58216202e-01
      -7.63545036e-02 7.55133152e-01 -7.16599673e-02 7.54176557e-01
      -7.01046884e-02 7.54194975e-01 -6.86461255e-02 7.54775405e-01
      -6.71479777e-02 7.55580902e-01 -5.50245419e-02 7.67700374e-01</contour2d>
    <histogram type_id="opencv-matrix">
      <rows>20</rows>
      <cols>1</cols>
      <dt>f</dt>
      <data>
        3.96825410e-02 1.19047631e-02 0. 0. 0. 0. 0. 0. 0.
        3.96825420e-03 1.07142866e-01 1.58730168e-02 0. 0. 0. 0. 0.
        3.96825420e-03 0. 8.17460358e-01</data></histogram></_>
  <_><id>9</id>
    <height>2.8124153614044189e-02</height>
    <contour2d>
      5.74606657e-02 8.87593925e-01 5.24408594e-02 8.91212940e-01
      3.53216007e-02 8.97248030e-01 3.35688964e-02 8.97227287e-01
      2.62857135e-02 8.92036438e-01 -6.59613777e-03 8.42231452e-01
      -3.04928049e-02 7.92050719e-01 -3.04627717e-02 7.90992737e-01
      -2.87811868e-02 7.84506977e-01 2.75611877e-04 7.73423135e-01
      1.47237126e-02 7.68653452e-01 3.16052586e-02 7.69767225e-01
      5.98269701e-02 8.23123097e-01 7.36605152e-02 8.51463497e-01
      7.54056349e-02 8.58687043e-01</contour2d>
    <histogram type_id="opencv-matrix">
      <rows>20</rows>
      <cols>1</cols>
      <dt>f</dt>
      <data>
        0. 0. 0. 0. 0. 0. 0. 0. 0. 5.21285832e-03 3.82276289e-02
        1.39009561e-02 0. 0. 0. 0. 8.68809759e-04 8.68809759e-04 0.
        9.40920949e-01</data></histogram></_>
  <_><id>10</id>
    <height>2.6935219764709473e-02</height>
    <contour2d>
      2.54261136e-01 7.96630800e-01 2.31446907e-01 8.11603189e-01
      1.70803487e-01 8.38324428e-01 1.52312025e-01 8.41371179e-01
      1.50639415e-01 8.41351330e-01 1.38789266e-01 8.39295745e-01
      1.34156853e-01 8.30473363e-01 1.26709908e-01 8.05804610e-01
      1.22768998e-01 7.91437745e-01 1.22828588e-01 7.89338768e-01
      1.25203922e-01 7.86417544e-01 1.71939075e-01 7.62666762e-01
      2.23575592e-01 7.44805813e-01 2.27937698e-01 7.45101333e-01
      2.31026903e-01 7.46152580e-01 2.38113374e-01 7.50592709e-01
      2.46840686e-01 7.62125611e-01 2.49606729e-01 7.67362952e-01
      2.51694828e-01 7.73070216e-01 2.54142672e-01 7.82580793e-01</contour2d>
    <histogram type_id="opencv-matrix">
      <rows>20</rows>
      <cols>1</cols>
      <dt>f</dt>
      <data>
