<?xml version="1.0"?>
<opencv_storage>
<obj>
  <_><id>1</id>
    <height>1.0870593786239624e-01</height>
    <contour2d>
      -1.33042783e-01 6.35245442e-01 -1.38407573e-01 6.74423158e-01
      -1.39984027e-01 6.76117182e-01 -1.48232892e-01 6.76256418e-01
      -1.66867986e-01 6.75132990e-01 -1.76785171e-01 6.74022794e-01
      -1.93918094e-01 6.69970512e-01 -1.95514441e-01 6.68889046e-01
      -1.95560947e-01 6.41741455e-01 -1.94142818e-01 6.39895380e-01
      -1.90291062e-01 6.37291074e-01 -1.85943127e-01 6.35897160e-01
      -1.78693354e-01 6.35286629e-01</contour2d>
    <histogram type_id="opencv-matrix">
      <rows>20</rows>
      <cols>1</cols>
      <dt>f</dt>
      <data>
        0. 0. 3.19051952e-03 4.60802197e-01 2.84867823e-01
        8.61440301e-02 2.32452136e-02 1.32178664e-02 1.82315405e-03
        2.73473095e-03 9.11577023e-04 0. 0. 0. 0. 0. 0. 0. 0.
        1.23062901e-01</data></histogram></_>
  <_><id>2</id>
    <height>1.0787439346313477e-01</height>
    <contour2d>
      -7.59247243e-02 7.04711199e-01 -7.68578947e-02 7.07840800e-01
      -8.07725042e-02 7.16338098e-01 -9.17761475e-02 7.28500545e-01
      -9.67749730e-02 7.33283877e-01 -9.98347476e-02 7.34074473e-01
      -1.12914830e-01 7.32435942e-01 -1.40260592e-01 7.13261724e-01
      -1.39704794e-01 7.05308437e-01 -1.31941587e-01 6.89313889e-01
      -1.27866536e-01 6.85208321e-01 -1.18545927e-01 6.83791161e-01
      -1.15529671e-01 6.83800161e-01 -1.01109549e-01 6.89502954e-01
      -7.84092993e-02 7.00341284e-01 -7.70843178e-02 7.01865017e-01</contour2d>
    <histogram type_id="opencv-matrix">
      <rows>20</rows>
      <cols>1</cols>
      <dt>f</dt>
      <data>
        0. 0. 3.74006550e-03 5.04441321e-01 2.60869563e-01
        8.41514766e-02 3.03880330e-02 1.26227215e-02 1.40252453e-03
        1.87003275e-03 9.35016375e-04 0. 0. 0. 0. 0. 0. 0. 0.
        9.95792449e-02</data></histogram></_>
  <_><id>3</id>
    <height>1.0793906450271606e-01</height>
    <contour2d>
      -2.19347298e-01 5.40699244e-01 -2.22335458e-01 5.85672438e-01
      -2.26178080e-01 5.87354362e-01 -2.33183563e-01 5.89612782e-01
      -2.46612966e-01 5.91005266e-01 -2.56838918e-01 5.90123057e-01
      -2.67207712e-01 5.82102358e-01 -2.71885455e-01 5.47362566e-01
      -2.65832871e-01 5.40077090e-01 -2.62962937e-01 5.38598597e-01
      -2.37699896e-01 5.39460957e-01</contour2d>
    <histogram type_id="opencv-matrix">
      <rows>20</rows>
      <cols>1</cols>
      <dt>f</dt>
      <data>
        0. 0. 4.10340581e-04 5.99507570e-01 2.42100939e-01
        1.88756660e-02 7.79647101e-03 2.87238415e-03 1.23102171e-03
        2.05170293e-03 0. 0. 0. 0. 0. 0. 0. 0. 0. 1.25153884e-01</data></histogram></_>
  <_><id>4</id>
    <height>1.1116355657577515e-01</height>
    <contour2d>
      -8.48991871e-02 5.78310609e-01 -8.62990767e-02 5.80704868e-01
      -1.13372102e-01 6.10557318e-01 -1.26050830e-01 6.10078752e-01
      -1.52205229e-01 5.89527428e-01 -1.53205007e-01 5.87284923e-01
      -1.53007582e-01 5.85710049e-01 -1.52148634e-01 5.84437728e-01
      -1.31776497e-01 5.59999049e-01 -1.21610343e-01 5.52609563e-01
      -1.20121166e-01 5.51987350e-01 -1.14390150e-01 5.53690851e-01
      -1.02191016e-01 5.58687568e-01 -1.00971013e-01 5.59331536e-01
      -8.91487002e-02 5.69612384e-01 -8.54700804e-02 5.75499475e-01</contour2d>
    <histogram type_id="opencv-matrix">
      <rows>20</rows>
      <cols>1</cols>
      <dt>f</dt>
      <data>
        0. 0. 3.03835934e-03 6.65020883e-01 1.71287507e-01
        3.94986719e-02 7.97569286e-03 4.55753878e-03 2.27876939e-03
        1.13938469e-03 1.13938469e-03 0. 0. 0. 0. 0. 0. 0. 0.
        1.04063809e-01</data></histogram></_>
  <_><id>5</id>
    <height>1.0600847005844116e-01</height>
    <contour2d>
      1.59274526e-02 5.56707382e-01 1.61426887e-02 5.57414174e-01
      1.29454527e-02 5.78474104e-01 1.04948189e-02 5.87213993e-01
      8.05196539e-03 5.90198576e-01 6.76117465e-03 5.91045141e-01
      1.69408135e-03 5.93315601e-01 -5.97395562e-03 5.95583200e-01
      -3.16970907e-02 5.95228076e-01 -3.67864370e-02 5.92924893e-01
      -4.17945236e-02 5.87215185e-01 -3.87126133e-02 5.54151595e-01
      -3.77634838e-02 5.50489545e-01 -3.53505164e-02 5.49909472e-01
      -1.15106348e-02 5.45293510e-01 -1.02120731e-02 5.45297384e-01</contour2d>
    <histogram type_id="opencv-matrix">
      <rows>20</rows>
      <cols>1</cols>
      <dt>f</dt>
      <data>
        0. 3.53669329e-03 5.74712642e-03 5.30061901e-01 2.22811684e-01
        6.67550862e-02 1.50309466e-02 6.18921313e-03 1.32625992e-03 0.
        0. 0. 0. 0. 0. 8.84173322e-04 0. 0. 0. 1.47656947e-01</data></histogram></_>
  <_><id>6</id>
    <height>1.0729771852493286e-01</height>
    <contour2d>
      1.17207184e-01 5.81150711e-01 8.87288675e-02 6.03631020e-01
      8.48518014e-02 6.02756500e-01 7.66728371e-02 5.99705279e-01
      7.53947124e-02 5.98842323e-01 5.12401238e-02 5.77322066e-01
      4.95942906e-02 5.72835684e-01 4.96449843e-02 5.69473922e-01
      7.85291791e-02 5.46199441e-01 8.13382939e-02 5.45076430e-01
      8.26611817e-02 5.45080364e-01 8.54531452e-02 5.45715392e-01
      9.03382227e-02 5.49489915e-01 1.13034382e-01 5.72497904e-01
      1.14735931e-01 5.74431002e-01 1.17221713e-01 5.78233778e-01
      1.17442489e-01 5.79032779e-01</contour2d>
    <histogram type_id="opencv-matrix">
      <rows>20</rows>
      <cols>1</cols>
      <dt>f</dt>
      <data>
        0. 0. 2.25056265e-03 6.22280598e-01 1.53413355e-01
        7.72693157e-02 2.17554383e-02 5.25131263e-03 7.50187552e-04 0.
        0. 0. 0. 0. 0. 0. 0. 0. 0. 1.17029257e-01</data></histogram></_>
  <_><id>7</id>
    <height>1.0729706287384033e-01</height>
    <contour2d>
      1.82318449e-01 5.55461526e-01 1.83618471e-01 5.57231009e-01
      1.83876276e-01 5.59641480e-01 1.73991024e-01 5.96122622e-01
      1.72692671e-01 5.96974134e-01 1.67057261e-01 5.99976659e-01
      1.48158520e-01 6.02224410e-01 1.40860528e-01 6.02783501e-01
      1.35027722e-01 5.98881483e-01 1.33528069e-01 5.97299099e-01
      1.32625669e-01 5.95649064e-01 1.31791160e-01 5.89826167e-01
      1.32920727e-01 5.76063871e-01 1.38047919e-01 5.54780424e-01
      1.46141797e-01 5.52790165e-01 1.48680866e-01 5.52788317e-01
      1.79871008e-01 5.54683208e-01</contour2d>
    <histogram type_id="opencv-matrix">
      <rows>20</rows>
      <cols>1</cols>
      <dt>f</dt>
      <data>
        0. 0. 6.35989523e-03 6.28507316e-01 1.95286199e-01
        5.27497195e-02 8.97867605e-03 4.86344937e-03 3.36700352e-03
        7.48222985e-04 7.48222985e-04 0. 0. 0. 0. 0. 0. 0. 0.
        9.83913243e-02</data></histogram></_>
  <_><id>9</id>
    <height>1.0877454280853271e-01</height>
    <contour2d>
      3.53870541e-02 7.16686070e-01 3.12401634e-02 7.22756326e-01
      2.41824780e-02 7.28670120e-01 2.12948602e-02 7.29459941e-01
      1.98241528e-02 7.29455531e-01 -1.25377346e-02 7.25988567e-01
      -1.54565433e-02 7.24208891e-01 -1.97932199e-02 7.18105793e-01
      -2.37787478e-02 6.98168099e-01 -2.22821757e-02 6.94392979e-01
      -6.56383112e-03 6.92053437e-01 3.16737816e-02 6.88982487e-01
      3.45889926e-02 6.88991189e-01</contour2d>
    <histogram type_id="opencv-matrix">
      <rows>20</rows>
      <cols>1</cols>
      <dt>f</dt>
      <data>
        0. 0. 1.08283700e-03 5.14889002e-01 2.29561448e-01
        7.85056800e-02 1.51597178e-02 1.08283702e-02 1.08283700e-03 0.
        0. 0. 0. 0. 0. 0. 0. 0. 0. 1.48890093e-01</data></histogram></_>
  <_><id>10</id>
    <height>1.0786402225494385e-01</height>
    <contour2d>
      -6.74013421e-02 7.25286543e-01 -9.29904506e-02 7.43050277e-01
      -9.59543437e-02 7.42050231e-01 -1.14416935e-01 7.33414650e-01
      -1.36504263e-01 7.20377922e-01 -1.36579961e-01 7.16236651e-01
      -1.31517500e-01 7.00493872e-01 -1.13114156e-01 6.91373348e-01
      -1.11147858e-01 6.90563560e-01 -1.05738044e-01 6.88888669e-01
      -1.03154756e-01 6.88434899e-01 -1.00821696e-01 6.88276470e-01
