image: biorobotica2020-1_raw.pgm
resolution: 0.050000
origin: [-52.224998, -49.224998, 0.000000]
negate: 0
occupied_thresh: 0.65
free_thresh: 0.196

