<?xml version="1.0"?>
<opencv_storage>
<obj>
  <_><id>1</id>
    <height>1.3070148229598999e-01</height>
    <contour2d>
      -2.36521102e-02 7.49108732e-01 -2.97835302e-02 7.56326675e-01
      -4.49497774e-02 7.57891595e-01 -2.31060818e-01 7.01018274e-01
      -2.41238892e-01 6.96109295e-01 -2.63346434e-01 6.78476274e-01
      -2.72796273e-01 6.69185340e-01 -2.83019602e-01 6.45869792e-01
      -2.83121198e-01 6.29469573e-01 -2.76982278e-01 5.94035923e-01
      -2.75230974e-01 5.88974297e-01 -2.69806474e-01 5.83607197e-01
      -2.41817519e-01 5.60231984e-01 -2.27144852e-01 5.51060259e-01
      -2.14522019e-01 5.43447554e-01 -2.11977288e-01 5.43457270e-01
      -1.80523574e-01 5.46425104e-01 -1.63113177e-01 5.53243518e-01
      -1.52080938e-01 5.61271787e-01 -1.28147379e-01 5.83106995e-01
      -2.19630226e-02 7.32967675e-01 -2.21007299e-02 7.38169253e-01</contour2d>
    <histogram type_id="opencv-matrix">
      <rows>20</rows>
      <cols>1</cols>
      <dt>f</dt>
      <data>
        1.05992090e-02 1.00339176e-02 1.14471456e-02 4.52232920e-03
        1.27190514e-03 1.41322787e-04 2.82645575e-04 2.82645575e-04
        7.06613937e-04 3.95703781e-03 4.38100658e-03 7.34878518e-03
        7.63143040e-03 4.23968351e-03 2.82645575e-03 1.97851891e-03
        3.10910121e-03 5.08762058e-03 8.89202952e-01 3.09496913e-02</data></histogram></_>
  <_><id>2</id>
    <height>1.3153427839279175e-01</height>
    <contour2d>
      4.59723473e-02 7.00910270e-01 4.84647825e-02 7.20593393e-01
      4.84492555e-02 7.21567333e-01 4.82327342e-02 7.22898006e-01
      4.55226526e-02 7.27223933e-01 -3.06808911e-02 8.06817591e-01
      -1.89064160e-01 8.92376900e-01 -1.90909088e-01 8.92369807e-01
      -1.70930400e-01 8.01486015e-01 -1.62294030e-01 7.94806838e-01
      -1.38816237e-01 7.80358136e-01 2.18303371e-02 7.00861812e-01
      3.33306491e-02 6.95740879e-01 3.47414687e-02 6.95746303e-01</contour2d>
    <histogram type_id="opencv-matrix">
      <rows>20</rows>
      <cols>1</cols>
      <dt>f</dt>
      <data>
        6.33484200e-02 3.50678749e-02 2.94117667e-02 1.13122177e-03 0.
        0. 1.13122177e-03 2.26244354e-03 4.52488707e-03 4.52488707e-03
        4.07239832e-02 2.03619916e-02 3.39366542e-03 1.01809958e-02
        2.26244354e-03 5.65610873e-03 5.65610873e-03 1.24434391e-02
        6.65158391e-01 9.27601829e-02</data></histogram></_>
  <_><id>3</id>
    <height>1.2514537572860718e-01</height>
    <contour2d>
      7.91892111e-02 7.77916431e-01 7.63056874e-02 7.81600714e-01
      7.18432218e-02 7.86317706e-01 6.59410506e-02 7.89810479e-01
      6.02145158e-02 7.92894125e-01 5.25715239e-02 7.94520140e-01
      -1.34472340e-01 7.96786189e-01 -1.62379399e-01 7.88596928e-01
      -1.69436365e-01 7.84525216e-01 -1.98965147e-01 7.60125458e-01
      -2.05651909e-01 7.45246530e-01 -2.11619034e-01 7.21310079e-01
      -2.10845262e-01 7.16012657e-01 -1.80271864e-01 6.55216575e-01
      -1.76559418e-01 6.50432527e-01 -1.66930228e-01 6.44379675e-01
      -1.50319800e-01 6.38108611e-01 -1.26922414e-01 6.36085272e-01
      -1.06610224e-01 6.37502432e-01 -9.40209627e-02 6.42227888e-01
      -8.94119889e-02 6.44223988e-01 -8.01516548e-02 6.50493860e-01
      7.92638212e-02 7.61192918e-01 7.95923471e-02 7.65658677e-01</contour2d>
    <histogram type_id="opencv-matrix">
      <rows>20</rows>
      <cols>1</cols>
      <dt>f</dt>
      <data>
        3.54131535e-02 3.54131535e-02 2.24283319e-02 4.21585189e-03
        1.68634069e-04 3.37268139e-04 5.05902222e-04 8.43170332e-04
        6.74536277e-04 4.21585189e-03 4.04721778e-03 7.41989911e-03
        7.41989911e-03 3.54131544e-03 1.34907255e-03 1.68634066e-03
        3.87858367e-03 6.23946078e-03 8.34064126e-01 2.61382814e-02</data></histogram></_>
  <_><id>4</id>
    <height>4.6163856983184814e-02</height>
    <contour2d>
      -9.75317359e-02 5.84955454e-01 -9.77450162e-02 5.85466623e-01
      -1.00264892e-01 5.85636973e-01 -1.91119269e-01 5.60954571e-01
      -1.91359401e-01 5.60778618e-01 -1.91345856e-01 5.59929073e-01
      -1.88236147e-01 5.55208206e-01 -1.55122116e-01 5.48813403e-01
      -1.53859109e-01 5.48818231e-01 -1.29921734e-01 5.55067003e-01
      -1.24564976e-01 5.57994008e-01 -9.92164761e-02 5.73218226e-01</contour2d>
    <histogram type_id="opencv-matrix">
      <rows>20</rows>
      <cols>1</cols>
      <dt>f</dt>
      <data>
        5.39083555e-02 1.05121292e-01 1.42857134e-01 3.23450118e-02
        8.08625296e-03 0. 0. 0. 0. 0. 0. 0. 5.39083546e-03
        8.08625296e-03 2.69541773e-03 8.08625296e-03 8.08625296e-03
        4.04312648e-02 5.84905624e-01 0.</data></histogram></_>
  <_><id>5</id>
    <height>6.2542557716369629e-02</height>
    <contour2d>
      6.71271607e-03 6.44106328e-01 5.31340949e-03 6.45021498e-01
      1.23773701e-03 6.47208810e-01 -1.18118718e-01 6.26198530e-01
      -1.21320605e-01 6.25223994e-01 -1.21291809e-01 6.23417854e-01
      -1.19624227e-01 6.20184243e-01 -8.94639567e-02 6.03394210e-01
      -8.10704604e-02 6.00447237e-01 -7.68118724e-02 6.00167572e-01
      -5.77520877e-02 5.99604070e-01 -5.12894914e-02 6.00460470e-01
      -2.05991119e-02 6.11752868e-01 -1.52124651e-02 6.14280522e-01
      4.10552323e-03 6.36533439e-01 6.81975298e-03 6.40230954e-01</contour2d>
    <histogram type_id="opencv-matrix">
      <rows>20</rows>
      <cols>1</cols>
      <dt>f</dt>
      <data>
        3.24708939e-01 2.57438540e-01 9.31435972e-02 2.71668825e-02
        1.29366107e-03 0. 0. 0. 3.88098322e-03 2.58732215e-03
        2.58732215e-03 7.76196644e-03 6.46830536e-03 1.42302718e-02
        2.58732215e-03 1.29366107e-03 1.42302718e-02 4.01034951e-02
        1.99223801e-01 1.29366107e-03</data></histogram></_>
  <_><id>6</id>
    <height>1.2432581186294556e-01</height>
    <contour2d>
      -5.40710539e-02 8.73462796e-01 -9.08653289e-02 8.85212064e-01
      -1.13196224e-01 8.85728002e-01 -1.28518194e-01 8.85115266e-01
      -1.36969045e-01 8.81942749e-01 -1.54970095e-01 8.74507427e-01
      -1.60849735e-01 8.68277907e-01 -1.68440387e-01 8.59530568e-01
      -2.05637127e-01 8.09980273e-01 -2.43350193e-01 6.48532987e-01
      -2.43737489e-01 6.44467592e-01 -2.37955227e-01 6.28249168e-01
      -2.28856876e-01 6.28128886e-01 -2.15221167e-01 6.32916927e-01
      -4.39397655e-02 7.53791690e-01 -3.46236154e-02 7.63692141e-01
      -3.11728045e-02 8.35565567e-01 -3.12257521e-02 8.38890553e-01</contour2d>
    <histogram type_id="opencv-matrix">
      <rows>20</rows>
      <cols>1</cols>
      <dt>f</dt>
      <data>
        2.75636073e-02 3.31534296e-02 1.75404772e-02 4.62605990e-03
        5.78257488e-04 1.92752501e-04 0. 1.92752501e-04 1.92752501e-04
        3.46954493e-03 5.78257488e-03 1.02158822e-02 8.28835741e-03
        1.54202001e-03 7.71010004e-04 1.15651498e-03 1.34926755e-03
        3.46954493e-03 8.52737069e-01 2.71781031e-02</data></histogram></_>
  <_><id>7</id>
    <height>1.2823295593261719e-01</height>
    <contour2d>
      -7.75996782e-03 5.83994627e-01 -5.22322580e-03 5.86408019e-01
      -5.01558837e-03 6.09513879e-01 -8.10900107e-02 7.81762183e-01
      -9.56811532e-02 8.08812022e-01 -9.73224863e-02 8.09885502e-01
      -1.29697531e-01 8.26396525e-01 -1.44678608e-01 8.29353750e-01
      -1.46325201e-01 8.29347432e-01 -1.67356029e-01 8.25427413e-01
      -2.09184512e-01 8.09720218e-01 -2.26207271e-01 7.87045062e-01
      -2.27290034e-01 7.84371912e-01 -2.36320600e-01 7.49856532e-01
      -2.34434709e-01 7.42316425e-01 -2.11411163e-01 6.92759275e-01
      -2.09427729e-01 6.89312816e-01 -2.05771685e-01 6.86095178e-01
      -1.96581125e-01 6.79214478e-01 -3.86409909e-02 5.90513051e-01
      -1.53659917e-02 5.79310775e-01 -1.40992431e-02 5.79315603e-01</contour2d>
    <histogram type_id="opencv-matrix">
      <rows>20</rows>
      <cols>1</cols>
      <dt>f</dt>
      <data>
        1.80547461e-02 1.35895936e-02 1.33954566e-02 2.71791872e-03
        1.94137057e-04 0. 1.35895936e-03 1.16482237e-03 2.32964475e-03
        2.91205593e-03 1.18423607e-02 1.33954566e-02 4.46515251e-03
