<?xml version="1.0"?>
<opencv_storage>
<obj>
  <_><id>1</id>
    <height>1.9024050235748291e-01</height>
    <contour2d>
      6.22781068e-02 6.59044266e-01 6.08134419e-02 6.60004854e-01
      -7.18814284e-02 6.62369609e-01 -7.31284618e-02 6.59251988e-01
      -7.71869272e-02 6.45159245e-01 -7.72646517e-02 6.41668320e-01
      -7.57594481e-02 6.02306604e-01 -6.92183003e-02 5.81516027e-01
      -1.84459705e-02 5.60501814e-01 -1.46787968e-02 5.59830368e-01
      -3.37906089e-03 5.59864104e-01 -9.82401893e-04 5.60318470e-01
      5.66269383e-02 5.77021182e-01 6.09468520e-02 5.81087768e-01
      6.41472638e-02 5.84611297e-01 6.44221231e-02 5.90281010e-01
      6.57923743e-02 6.41836882e-01 6.53673261e-02 6.46508753e-01
      6.45388439e-02 6.51907802e-01</contour2d>
    <histogram type_id="opencv-matrix">
      <rows>20</rows>
      <cols>1</cols>
      <dt>f</dt>
      <data>
        1.92403384e-02 4.81671929e-01 2.95239687e-01 1.67523641e-02
        2.65383977e-03 1.49278482e-03 4.97594941e-04 1.65864985e-04 0.
        3.31729971e-04 4.97594941e-04 8.29324941e-04 1.99037977e-03
        1.49278482e-03 0. 1.65864985e-04 3.31729971e-04 2.48797471e-03
        3.81489471e-03 1.70343339e-01</data></histogram></_>
  <_><id>2</id>
    <height>1.8919551372528076e-01</height>
    <contour2d>
      1.69545323e-01 7.20461488e-01 1.69514030e-01 7.22538292e-01
      1.69273496e-01 7.22831130e-01 9.51870009e-02 7.34127402e-01
      2.05801465e-02 7.35161602e-01 1.74040087e-02 7.34090030e-01
      2.92282365e-03 7.27490246e-01 1.36975572e-03 7.25376308e-01
      1.35560706e-03 7.21799552e-01 1.85322426e-02 6.75322652e-01
      2.13605650e-02 6.69898212e-01 2.27920413e-02 6.68034792e-01
      2.81716771e-02 6.64102316e-01 7.85380602e-02 6.39592230e-01
      8.45955312e-02 6.37354553e-01 9.78487208e-02 6.37394130e-01
      9.94704291e-02 6.38079107e-01 1.49258167e-01 6.84402823e-01
      1.62639439e-01 6.97978318e-01 1.64557904e-01 7.01468587e-01</contour2d>
    <histogram type_id="opencv-matrix">
      <rows>20</rows>
      <cols>1</cols>
      <dt>f</dt>
      <data>
        2.07182318e-02 4.61720586e-01 3.39187056e-01 2.82162577e-02
        1.77584845e-03 1.97316491e-04 0. 5.91949443e-04 1.97316491e-04
        1.97316491e-04 0. 7.89265963e-04 7.89265963e-04 9.86582483e-04
        0. 1.97316491e-04 1.97316491e-04 7.89265963e-04 3.35438037e-03
        1.40094712e-01</data></histogram></_>
  <_><id>3</id>
    <height>1.8959492444992065e-01</height>
    <contour2d>
      5.53726777e-02 7.23821163e-01 5.22122979e-02 7.26919591e-01
      3.80415320e-02 7.38924801e-01 -9.21894386e-02 7.66825795e-01
      -9.49880257e-02 7.64021754e-01 -1.17407903e-01 7.26395607e-01
      -1.19316109e-01 7.12070048e-01 -1.19415700e-01 7.07958698e-01
      -1.17919564e-01 7.05552936e-01 -1.16115361e-01 7.04118252e-01
      -6.89725801e-02 6.76147461e-01 -5.98678142e-02 6.71508610e-01
      -4.04696241e-02 6.64246976e-01 -1.46397194e-02 6.58818543e-01
      2.17834804e-02 6.63350940e-01 4.04886529e-02 6.82957232e-01
      4.88704219e-02 6.93198383e-01</contour2d>
    <histogram type_id="opencv-matrix">
      <rows>20</rows>
      <cols>1</cols>
      <dt>f</dt>
      <data>
        1.24548739e-02 4.04332131e-01 4.32310492e-01 6.04693145e-02
        5.23465732e-03 5.41516230e-04 1.80505420e-04 5.41516230e-04 0.
        1.80505420e-04 1.80505420e-04 3.06859217e-03 1.26353791e-03
        1.80505420e-04 3.61010840e-04 0. 3.61010840e-04 1.44404336e-03
        9.02527128e-04 7.59927854e-02</data></histogram></_>
  <_><id>4</id>
    <height>1.9032841920852661e-01</height>
    <contour2d>
      8.50424357e-03 6.99395895e-01 8.49037617e-03 7.03191340e-01
      3.53809074e-03 7.28473186e-01 -2.63529643e-03 7.35877991e-01
      -3.36341932e-02 7.61165917e-01 -5.55829071e-02 7.69116938e-01
      -1.36050969e-01 7.61239707e-01 -1.48915082e-01 7.05944180e-01
      -1.02175884e-01 6.60759747e-01 -4.77160960e-02 6.23557985e-01
      -4.62453961e-02 6.23562396e-01 -1.44983400e-02 6.59949720e-01</contour2d>
    <histogram type_id="opencv-matrix">
      <rows>20</rows>
      <cols>1</cols>
      <dt>f</dt>
      <data>
        2.12408006e-02 3.76866460e-01 4.27970558e-01 4.47949544e-02
        3.57518415e-03 1.05152477e-03 0. 4.20609897e-04 4.20609897e-04
        2.10304948e-04 4.20609897e-04 1.68243959e-03 1.26182963e-03
        1.26182963e-03 6.30914816e-04 1.68243959e-03 2.94426922e-03
        1.47213461e-03 1.68243959e-03 1.10410094e-01</data></histogram></_>
  <_><id>5</id>
    <height>1.8967658281326294e-01</height>
    <contour2d>
      1.76445469e-01 7.08442688e-01 1.67187020e-01 7.15392947e-01
      1.64489880e-01 7.16849864e-01 7.42677525e-02 7.26744950e-01
      2.18707863e-02 6.94778860e-01 1.14348251e-02 6.83629870e-01
      6.14981167e-03 6.51956320e-01 6.11395575e-03 6.43326044e-01
      1.17569230e-02 6.36284709e-01 1.89943369e-02 6.28203630e-01
      4.29064035e-02 6.09130442e-01 5.40039688e-02 6.02464914e-01
      7.68832937e-02 5.98705053e-01 7.92625695e-02 5.98575413e-01
      8.54190588e-02 5.99394739e-01 9.83435959e-02 6.04845107e-01
      1.20332018e-01 6.17655575e-01 1.30098090e-01 6.24597609e-01
      1.33174494e-01 6.27218246e-01 1.47847667e-01 6.41473293e-01
      1.74941450e-01 6.95105374e-01 1.75608590e-01 6.99324429e-01</contour2d>
    <histogram type_id="opencv-matrix">
      <rows>20</rows>
      <cols>1</cols>
      <dt>f</dt>
      <data>
        1.98595300e-02 3.45362067e-01 3.88471782e-01 6.61177039e-02
        1.01719545e-02 1.45313633e-03 7.26568163e-04 7.26568163e-04
        4.84378776e-04 1.45313633e-03 1.93751510e-03 4.11721971e-03
        4.84378776e-03 2.17970461e-03 4.84378776e-04 7.26568163e-04
        1.69532571e-03 1.21094694e-03 4.11721971e-03 1.43860489e-01</data></histogram></_>
  <_><id>6</id>
    <height>1.9060587882995605e-01</height>
    <contour2d>
      3.06676198e-02 6.95696890e-01 3.06053553e-02 6.99825644e-01
      6.91977888e-03 7.50755906e-01 5.27879968e-03 7.50751019e-01
      -1.27997324e-01 7.26367176e-01 -1.29486620e-01 7.25361586e-01
      -1.33482471e-01 7.21037209e-01 -1.33466780e-01 7.19996274e-01
      -1.30599171e-01 7.08196640e-01 -1.26676232e-01 6.98895395e-01
      -1.21759333e-01 6.88792706e-01 -1.19851187e-01 6.86649501e-01
      -8.30890760e-02 6.52455986e-01 -7.83624351e-02 6.49008691e-01
      -7.05417171e-02 6.44617677e-01 -3.26646827e-02 6.37260854e-01
      -3.13081145e-02 6.37264907e-01 2.86352057e-02 6.87202036e-01</contour2d>
    <histogram type_id="opencv-matrix">
      <rows>20</rows>
      <cols>1</cols>
      <dt>f</dt>
      <data>
        2.28159130e-02 5.26521087e-01 2.54290164e-01 1.15054604e-02
        1.56006240e-03 3.90015601e-04 3.90015601e-04 1.95007800e-04 0.
        0. 3.90015601e-04 1.17004686e-03 3.90015601e-04 9.75038973e-04
        3.90015601e-04 7.80031201e-04 1.56006240e-03 1.56006240e-03
        2.92511703e-03 1.72191888e-01</data></histogram></_>
  <_><id>7</id>
    <height>1.9116389751434326e-01</height>
    <contour2d>
      6.81726709e-02 7.22983778e-01 6.67816252e-02 7.26551294e-01
      5.01239374e-02 7.44023144e-01 2.50623003e-02 7.53544629e-01
      -4.73265070e-03 7.64547646e-01 -4.99176048e-02 7.78742433e-01
      -7.85864517e-02 7.83995152e-01 -8.32960010e-02 7.82450914e-01
      -9.34198275e-02 7.38899350e-01 -9.56285670e-02 7.11363971e-01
      -9.52870920e-02 7.05032468e-01 -9.19789821e-02 6.97081864e-01
      -9.04103592e-02 6.96053088e-01 -1.44865233e-02 6.85552537e-01
      1.70966238e-03 6.85850978e-01 4.64500487e-03 6.86115861e-01
      9.09271464e-03 6.87119126e-01 2.38935389e-02 6.92112923e-01
      2.54357122e-02 6.92860126e-01 5.32396138e-02 7.08876848e-01
      6.24794811e-02 7.14450061e-01</contour2d>
    <histogram type_id="opencv-matrix">
      <rows>20</rows>
      <cols>1</cols>
      <dt>f</dt>
      <data>
        1.78829469e-02 4.21965301e-01 3.82586688e-01 7.02673420e-02
        8.12861230e-03 1.80635834e-03 1.26445084e-03 1.08381500e-03
