<?xml version="1.0"?>
<opencv_storage>
<obj>
  <_><id>1</id>
    <height>1.6800898313522339e-01</height>
    <contour2d>
      4.76891175e-03 6.47844136e-01 2.09590048e-03 6.61343098e-01
      -6.96932897e-04 6.67618990e-01 -8.85904673e-03 6.72083378e-01
      -3.05567086e-02 6.82630420e-01 -4.24647480e-02 6.80078983e-01
      -6.28923029e-02 6.69903159e-01 -6.42315671e-02 6.68998897e-01
      -6.55572712e-02 6.67194426e-01 -6.68154210e-02 6.64610386e-01
      -7.02134222e-02 6.51520073e-01 -7.01288357e-02 6.49857700e-01
      -6.98732436e-02 6.48701608e-01 -6.74647093e-02 6.44739151e-01
      -5.18891476e-02 6.32645190e-01 -4.44326550e-02 6.28556430e-01
      -3.38154137e-02 6.27121210e-01 -3.11172456e-02 6.27129257e-01
      -2.16837339e-02 6.28615022e-01 -3.85335740e-03 6.32037342e-01
      4.57459874e-03 6.46969020e-01</contour2d>
    <histogram type_id="opencv-matrix">
      <rows>20</rows>
      <cols>1</cols>
      <dt>f</dt>
      <data>
        3.34986776e-01 2.21560840e-02 8.92857090e-03 1.98412687e-03 0.
        0. 0. 6.61375641e-04 6.61375641e-04 1.32275128e-03
        3.63756600e-03 0. 2.64550257e-03 4.62962966e-03 6.94444403e-03
        8.26719590e-03 1.85185187e-02 2.87698418e-01 0. 2.96957672e-01</data></histogram></_>
  <_><id>3</id>
    <height>1.6922509670257568e-01</height>
    <contour2d>
      1.16296962e-01 8.23741138e-01 1.16105840e-01 8.24977815e-01
      9.53095481e-02 8.42330813e-01 9.20239538e-02 8.44525695e-01
      8.21389407e-02 8.50618660e-01 7.56343082e-02 8.49850118e-01
      7.24010766e-02 8.48944783e-01 5.51221073e-02 8.42957973e-01
      4.27662283e-02 8.28462422e-01 4.08959612e-02 8.16797614e-01
      4.09121662e-02 8.15723121e-01 4.28615138e-02 8.10931861e-01
      5.09540662e-02 8.04809630e-01 7.17331320e-02 7.89752007e-01
      8.56522098e-02 7.91156530e-01 1.05558537e-01 7.96568155e-01
      1.14842027e-01 8.05967867e-01 1.16328582e-01 8.21644425e-01</contour2d>
    <histogram type_id="opencv-matrix">
      <rows>20</rows>
      <cols>1</cols>
      <dt>f</dt>
      <data>
        3.13599318e-01 1.88760199e-02 8.15100875e-03 2.14500213e-03 0.
        0. 0. 0. 4.29000444e-04 8.58000887e-04 8.58000887e-04
        3.00300308e-03 3.00300308e-03 6.43500686e-03 7.29300734e-03
        4.29000426e-03 2.01630201e-02 3.17460328e-01 1.28700130e-03
        2.92149305e-01</data></histogram></_>
  <_><id>4</id>
    <height>1.6739094257354736e-01</height>
    <contour2d>
      1.72400743e-01 6.01298213e-01 1.73013300e-01 6.10560000e-01
      1.57842457e-01 6.34404480e-01 1.49923682e-01 6.40068769e-01
      1.44001484e-01 6.43331468e-01 1.41445547e-01 6.43323839e-01
      1.16151728e-01 6.39835835e-01 1.12615757e-01 6.38721585e-01
      1.03586845e-01 6.26413763e-01 9.84621942e-02 6.14977837e-01
      1.01179823e-01 6.09718919e-01 1.16070844e-01 5.89776218e-01
      1.27457023e-01 5.83455741e-01 1.31103396e-01 5.81739247e-01
      1.42825067e-01 5.82081199e-01 1.49208575e-01 5.83005369e-01
      1.66675597e-01 5.88250577e-01</contour2d>
    <histogram type_id="opencv-matrix">
      <rows>20</rows>
      <cols>1</cols>
      <dt>f</dt>
      <data>
        3.40669841e-01 3.18979248e-02 4.78468882e-03 1.59489631e-03
        3.18979262e-04 9.56937787e-04 0. 3.18979262e-04 3.18979262e-04
        1.59489631e-03 7.01754354e-03 3.18979262e-03 1.59489631e-03
        6.06060587e-03 7.01754354e-03 7.65550230e-03 2.16905903e-02
        3.23444963e-01 0. 2.39872411e-01</data></histogram></_>
  <_><id>5</id>
    <height>1.6740280389785767e-01</height>
    <contour2d>
      1.73604488e-01 6.09511554e-01 1.72848135e-01 6.13551676e-01
      1.58080012e-01 6.36037707e-01 1.44466326e-01 6.44919455e-01
      1.43184602e-01 6.44915640e-01 1.16332993e-01 6.40602887e-01
      1.13711655e-01 6.39718413e-01 1.07609823e-01 6.31530225e-01
      1.06150225e-01 6.29030168e-01 1.03255078e-01 6.23178601e-01
      1.01411313e-01 6.17466509e-01 1.01093933e-01 6.15141451e-01
      1.01992950e-01 6.09435320e-01 1.17311925e-01 5.89781523e-01
      1.21616989e-01 5.87276459e-01 1.31316274e-01 5.82454264e-01
      1.33851200e-01 5.81622601e-01 1.42364427e-01 5.80733836e-01
      1.66104034e-01 5.88546932e-01 1.66653827e-01 5.89109480e-01
      1.69800177e-01 5.95958591e-01 1.72505885e-01 6.04845047e-01</contour2d>
    <histogram type_id="opencv-matrix">
      <rows>20</rows>
      <cols>1</cols>
      <dt>f</dt>
      <data>
        3.40277761e-01 3.04232799e-02 4.96031716e-03 2.31481483e-03
        1.65343913e-03 3.30687821e-04 0. 3.30687821e-04 6.61375641e-04
        1.65343913e-03 6.94444403e-03 4.29894170e-03 2.64550257e-03
        7.27513200e-03 8.26719590e-03 6.61375653e-03 2.64550261e-02
        3.17129612e-01 0. 2.37764537e-01</data></histogram></_>
  <_><id>6</id>
    <height>1.6578608751296997e-01</height>
    <contour2d>
      -1.39071107e-01 6.10076845e-01 -1.39244825e-01 6.11692905e-01
      -1.45226657e-01 6.28712654e-01 -1.54639736e-01 6.39134049e-01
      -1.75506219e-01 6.43225729e-01 -1.83174103e-01 6.43202841e-01
      -1.99152038e-01 6.35075510e-01 -2.13578716e-01 6.19665921e-01
      -2.13837042e-01 6.18702948e-01 -2.11384907e-01 6.00829661e-01
      -2.07844660e-01 5.92945576e-01 -1.93574756e-01 5.87817490e-01
      -1.78224966e-01 5.83374918e-01 -1.67128548e-01 5.85153639e-01
      -1.63044408e-01 5.86662531e-01</contour2d>
    <histogram type_id="opencv-matrix">
      <rows>20</rows>
      <cols>1</cols>
      <dt>f</dt>
      <data>
        4.73185062e-01 3.20470892e-02 9.15631093e-03 1.63505552e-03
        3.27011105e-04 0. 0. 0. 0. 3.27011105e-03 6.54022209e-03
        4.57815547e-03 6.21321099e-03 7.84826651e-03 4.90516657e-03
        8.82929936e-03 1.17723998e-02 1.84761271e-01 0. 2.44931310e-01</data></histogram></_>
  <_><id>7</id>
    <height>1.6936993598937988e-01</height>
    <contour2d>
      -3.08338851e-02 7.68876672e-01 -3.09723690e-02 7.77390420e-01
      -3.40992287e-02 7.84248352e-01 -5.07451147e-02 8.01309168e-01
      -6.13333918e-02 8.04026306e-01 -7.02104867e-02 8.03240836e-01
      -8.03472400e-02 7.98707962e-01 -9.96858552e-02 7.86932409e-01
      -1.00989386e-01 7.84233332e-01 -1.04008459e-01 7.76740611e-01
      -1.03960797e-01 7.73576856e-01 -1.02427788e-01 7.71207333e-01
      -9.80800539e-02 7.65635967e-01 -9.61755887e-02 7.63362050e-01
      -9.37396958e-02 7.60867774e-01 -8.56412947e-02 7.55136967e-01
      -7.95360357e-02 7.53510892e-01 -7.48937726e-02 7.52645433e-01
      -6.72717988e-02 7.52135932e-01 -5.49006164e-02 7.53297150e-01
      -4.39685658e-02 7.57428646e-01 -3.09360139e-02 7.68189192e-01</contour2d>
    <histogram type_id="opencv-matrix">
      <rows>20</rows>
      <cols>1</cols>
      <dt>f</dt>
      <data>
        2.73972601e-01 2.54946724e-02 7.99086783e-03 4.18569241e-03
        3.80517507e-04 0. 0. 0. 0. 2.28310516e-03 7.61035015e-04
        1.90258748e-03 1.90258748e-03 3.42465751e-03 6.84931502e-03
        1.40791479e-02 1.52206998e-02 3.24200928e-01 0. 3.17351609e-01</data></histogram></_>
  <_><id>8</id>
    <height>1.6641360521316528e-01</height>
    <contour2d>
      -1.49868891e-01 7.59971678e-01 -1.56501368e-01 7.78689384e-01
      -1.57870337e-01 7.79856682e-01 -1.89481139e-01 7.88961709e-01
      -1.92220777e-01 7.88084030e-01 -2.10419476e-01 7.77392387e-01
      -2.17941716e-01 7.63802469e-01 -2.21522674e-01 7.54393578e-01
      -2.21991703e-01 7.50427544e-01 -2.21094996e-01 7.46503174e-01
      -2.19590902e-01 7.42670596e-01 -2.00695172e-01 7.31120825e-01
      -1.88619822e-01 7.28897452e-01 -1.85423955e-01 7.28907049e-01
      -1.77418038e-01 7.31035948e-01 -1.69761568e-01 7.33490467e-01
      -1.68292657e-01 7.34482288e-01 -1.49831206e-01 7.49486148e-01</contour2d>
    <histogram type_id="opencv-matrix">
      <rows>20</rows>
      <cols>1</cols>
      <dt>f</dt>
      <data>
        3.91507238e-01 3.45310308e-02 6.99953362e-03 3.26644909e-03
        4.66635567e-04 0. 9.33271134e-04 0. 0. 4.66635567e-04
        1.39990670e-03 9.33271134e-04 2.79981340e-03 6.06626226e-03
