<?xml version="1.0"?>
<opencv_storage>
<obj>
  <_><id>1</id>
    <height>3.2253146171569824e-02</height>
    <contour2d>
      -1.14350002e-02 7.50654817e-01 -3.76304612e-02 7.71126986e-01
      -4.08899672e-02 7.71117210e-01 -5.84571362e-02 7.63532639e-01
      -1.79717809e-01 6.32946014e-01 -1.80105269e-01 6.32377744e-01
      -1.66575015e-01 6.16698980e-01 -1.57387346e-01 6.11241698e-01
      -1.50413230e-01 6.08155131e-01 -1.48993030e-01 6.08159304e-01
      -1.39675111e-01 6.09908223e-01 -1.36834115e-01 6.10866785e-01
      -7.59726390e-02 6.68459773e-01 -3.02008279e-02 7.17089057e-01
      -1.45036709e-02 7.38442421e-01 -1.14013571e-02 7.43371844e-01</contour2d>
    <histogram type_id="opencv-matrix">
      <rows>20</rows>
      <cols>1</cols>
      <dt>f</dt>
      <data>
        9.65517238e-02 1.19157091e-01 1.53256711e-02 7.66283541e-04 0.
        0. 0. 0. 7.66283541e-04 0. 0. 0. 3.83141771e-04 1.91570888e-03
        1.95402298e-02 1.68582387e-02 1.08429119e-01 1.39846742e-01
        3.83141771e-04 4.80076641e-01</data></histogram></_>
  <_><id>2</id>
    <height>3.0407547950744629e-02</height>
    <contour2d>
      8.19467939e-03 5.76227605e-01 -1.91178545e-03 7.42837310e-01
      -3.43233719e-03 7.56796777e-01 -5.11110388e-03 7.62924492e-01
      -6.72897510e-03 7.64761567e-01 -9.95981321e-03 7.67364919e-01
      -1.32112717e-02 7.69203365e-01 -3.60054858e-02 7.72214651e-01
      -4.25643250e-02 7.72647679e-01 -4.57676575e-02 7.71100998e-01
      -4.73810732e-02 7.70011663e-01 -4.97589856e-02 7.42384732e-01
      -4.87498045e-02 7.09731817e-01 -4.45145294e-02 5.91691971e-01
      -4.00467291e-02 5.74155033e-01 -1.52289271e-02 5.71844161e-01
      -1.38499066e-02 5.71848273e-01</contour2d>
    <histogram type_id="opencv-matrix">
      <rows>20</rows>
      <cols>1</cols>
      <dt>f</dt>
      <data>
        4.59595993e-02 5.90909123e-02 1.31313140e-02 0. 0. 0. 0. 0. 0.
        0. 0. 0. 0. 5.05050528e-04 4.54545487e-03 2.47474760e-02
        8.68686885e-02 9.54545513e-02 0. 6.69696987e-01</data></histogram></_>
  <_><id>3</id>
    <height>3.0890047550201416e-02</height>
    <contour2d>
      8.48499984e-02 5.78745246e-01 1.02882698e-01 5.91127872e-01
      1.03015266e-01 5.93653798e-01 4.39378396e-02 7.07832217e-01
      1.41913984e-02 7.61449635e-01 9.45376791e-03 7.63733804e-01
      -9.93518345e-03 7.57398963e-01 -1.15519138e-02 7.56631792e-01
      -1.63073353e-02 7.53096581e-01 -1.78846177e-02 7.49440491e-01
      -1.77404881e-02 7.38338411e-01 1.25340670e-02 6.60108447e-01
      3.59938294e-02 6.12049997e-01 5.38336858e-02 5.78846812e-01
      5.62961772e-02 5.76918244e-01 6.17238581e-02 5.74458718e-01
      7.27122948e-02 5.75406730e-01</contour2d>
    <histogram type_id="opencv-matrix">
      <rows>20</rows>
      <cols>1</cols>
      <dt>f</dt>
      <data>
        3.94160561e-02 2.59124078e-02 9.12408717e-03 7.29926978e-04 0.
        0. 0. 0. 0. 0. 0. 0. 0. 0. 7.66423345e-03 2.08029188e-02
        8.94160569e-02 5.10948896e-02 0. 7.55839407e-01</data></histogram></_>
  <_><id>4</id>
    <height>3.7591874599456787e-02</height>
    <contour2d>
      2.00201884e-01 6.44662261e-01 2.06518531e-01 6.56901836e-01
      2.07611099e-01 6.63099289e-01 1.98353440e-01 6.78138733e-01
      1.95873648e-01 6.80568695e-01 1.73885375e-01 6.92038417e-01
      6.77372366e-02 7.45318294e-01 4.24835756e-02 7.52816558e-01
      3.30054983e-02 7.52492070e-01 2.67816801e-02 7.50810504e-01
      2.51491275e-02 7.48983622e-01 2.34714989e-02 7.46401668e-01
      2.02974882e-02 7.30706930e-01 2.03133915e-02 7.29652405e-01
      3.32561359e-02 7.21659422e-01 1.17943674e-01 6.73671365e-01
      1.51099712e-01 6.56562448e-01 1.92069292e-01 6.38658881e-01
      1.95014462e-01 6.38667703e-01 1.98204473e-01 6.41321063e-01</contour2d>
    <histogram type_id="opencv-matrix">
      <rows>20</rows>
      <cols>1</cols>
      <dt>f</dt>
      <data>
        2.73224041e-02 1.26366112e-02 4.43989038e-03 1.02459011e-03 0.
        0. 0. 0. 0. 6.83060091e-04 3.41530045e-04 1.36612018e-03
        3.41530045e-04 1.02459011e-03 1.36612018e-03 2.39071026e-02
        9.32377055e-02 1.19535513e-01 0. 7.12773204e-01</data></histogram></_>
  <_><id>5</id>
    <height>3.4838378429412842e-02</height>
    <contour2d>
      2.03220725e-01 8.60537946e-01 1.96932256e-01 8.76946628e-01
      1.76703244e-01 8.83350253e-01 1.50797546e-01 8.74813795e-01
      2.24169306e-02 8.23149502e-01 2.44629569e-03 8.14228654e-01
      2.16013379e-03 8.12902451e-01 2.19423510e-03 8.10638845e-01
      5.74143603e-03 8.03497553e-01 1.38253458e-02 7.88263917e-01
      2.17138045e-02 7.79860318e-01 2.66982429e-02 7.78773248e-01
      3.02606896e-02 7.79629469e-01 6.12959489e-02 7.93002307e-01
      1.72724366e-01 8.43482852e-01 2.03489721e-01 8.58975112e-01</contour2d>
    <histogram type_id="opencv-matrix">
      <rows>20</rows>
      <cols>1</cols>
      <dt>f</dt>
      <data>
        2.04326939e-02 7.93269277e-02 1.20192312e-03 0. 0. 0. 0. 0. 0.
        0. 0. 0. 0. 1.20192312e-03 7.21153896e-03 2.46394239e-02
        2.16346160e-01 8.35336596e-02 0. 5.66105783e-01</data></histogram></_>
  <_><id>6</id>
    <height>3.0539929866790771e-02</height>
    <contour2d>
      6.88831955e-02 9.80007291e-01 4.78297994e-02 9.80799913e-01
      3.14835459e-02 9.46474910e-01 1.18948668e-02 8.91588032e-01
      -1.81752667e-02 7.97871768e-01 -1.97694562e-02 7.92282522e-01
      -1.97526142e-02 7.91165709e-01 1.99317932e-04 7.82435119e-01
      2.35952698e-02 7.79612362e-01 2.52587013e-02 7.79617369e-01
      3.57555747e-02 8.02259803e-01 3.75922695e-02 8.06848466e-01
      5.76649085e-02 8.66008580e-01 8.34496617e-02 9.50416625e-01
      8.35585073e-02 9.65599895e-01</contour2d>
    <histogram type_id="opencv-matrix">
      <rows>20</rows>
      <cols>1</cols>
      <dt>f</dt>
      <data>
        2.43266728e-02 1.91138145e-02 4.34404891e-03 8.68809759e-04
        1.73761952e-03 0. 0. 0. 0. 0. 0. 0. 0. 0. 5.21285832e-03
        3.12771499e-02 1.53779328e-01 6.86359704e-02 0. 6.90703750e-01</data></histogram></_>
  <_><id>7</id>
    <height>3.0845344066619873e-02</height>
    <contour2d>
      -2.80878916e-02 7.88142860e-01 -2.31311973e-02 7.93391347e-01
      -2.31762603e-02 7.97172189e-01 -7.63160959e-02 9.63426292e-01
      -7.83928931e-02 9.68919277e-01 -8.05614740e-02 9.73593473e-01
      -8.26190487e-02 9.76568878e-01 -1.16914183e-01 9.74757493e-01
      -1.24637343e-01 9.67518270e-01 -1.24618135e-01 9.66243327e-01
      -1.18190542e-01 9.33541775e-01 -9.60770175e-02 8.56022775e-01
      -7.86532089e-02 7.98469186e-01 -7.15148449e-02 7.86826789e-01
      -6.62474334e-02 7.84111440e-01 -4.63405401e-02 7.84939468e-01</contour2d>
    <histogram type_id="opencv-matrix">
      <rows>20</rows>
      <cols>1</cols>
      <dt>f</dt>
      <data>
        7.07070753e-02 9.55711007e-02 2.87490301e-02 0. 0. 0. 0.
        1.55400159e-03 0. 0. 0. 0. 2.33100238e-03 2.33100238e-03
        6.99300691e-03 3.65190357e-02 1.02564104e-01 7.22610727e-02 0.
        5.80419600e-01</data></histogram></_>
  <_><id>8</id>
    <height>3.2776951789855957e-02</height>
    <contour2d>
      -3.24729905e-02 8.46744657e-01 -1.88591376e-01 8.62592399e-01
      -2.23197147e-01 8.62024605e-01 -2.26469025e-01 8.61200094e-01
      -2.31653750e-01 8.57699394e-01 -2.37297833e-01 8.43228459e-01
      -2.37901732e-01 8.38670492e-01 -2.14321166e-01 8.29800963e-01
      -9.46992487e-02 8.10702980e-01 -4.87589203e-02 8.09278727e-01
      -4.53684404e-02 8.09288919e-01 -3.86781618e-02 8.12433183e-01
      -3.37066054e-02 8.19057345e-01 -3.24378461e-02 8.44413877e-01</contour2d>
    <histogram type_id="opencv-matrix">
      <rows>20</rows>
      <cols>1</cols>
      <dt>f</dt>
      <data>
        8.24852660e-02 1.27477229e-01 1.55329406e-02 1.07123726e-03 0.
        0. 0. 0. 0. 0. 0. 0. 1.60685589e-03 2.14247452e-03
        7.49866106e-03 1.33904656e-02 1.81574717e-01 1.72469199e-01 0.
        3.94750923e-01</data></histogram></_>
  <_><id>9</id>
