<?xml version="1.0"?>
<opencv_storage>
<obj>
  <_><id>1</id>
    <height>1.1899566650390625e-01</height>
    <contour2d>
      1.46402627e-01 5.86061597e-01 1.47768199e-01 5.91409028e-01
      1.47815078e-01 5.93552053e-01 1.31892025e-01 6.26033664e-01
      1.26770258e-01 6.26027942e-01 1.14379339e-01 6.24376714e-01
      8.97668898e-02 6.17461085e-01 8.69217664e-02 6.14246845e-01
      8.62043202e-02 6.08388841e-01 9.17926878e-02 5.95924258e-01
      9.31033343e-02 5.93388081e-01 9.64386314e-02 5.89544535e-01
      1.01556480e-01 5.86188018e-01 1.20506369e-01 5.76120436e-01
      1.24368377e-01 5.76131999e-01 1.28984392e-01 5.77217758e-01
      1.35442346e-01 5.79058290e-01 1.43899888e-01 5.83517671e-01</contour2d>
    <histogram type_id="opencv-matrix">
      <rows>20</rows>
      <cols>1</cols>
      <dt>f</dt>
      <data>
        0. 0. 0. 0. 0. 0. 0. 0. 0. 1.05876126e-03 4.12916876e-02
        5.95553219e-01 1.23875067e-01 5.82318706e-03 0. 0. 0. 0. 0.
        2.32398093e-01</data></histogram></_>
  <_><id>2</id>
    <height>1.1858147382736206e-01</height>
    <contour2d>
      2.38649268e-02 5.85006118e-01 2.46488843e-02 5.91359615e-01
      2.46754568e-02 5.94586253e-01 6.87974319e-03 6.14436090e-01
      2.12529115e-03 6.16820753e-01 -3.86791956e-03 6.19206667e-01
      -9.88693070e-03 6.19184017e-01 -1.23170381e-02 6.18377030e-01
      -3.94238085e-02 6.00015163e-01 -3.94271016e-02 5.96201062e-01
      -3.42007354e-02 5.86867094e-01 -3.29078175e-02 5.85675120e-01
      -1.59832202e-02 5.74658751e-01 -1.34106874e-02 5.73814750e-01
      3.28417122e-03 5.72848916e-01 9.80135985e-03 5.75788021e-01</contour2d>
    <histogram type_id="opencv-matrix">
      <rows>20</rows>
      <cols>1</cols>
      <dt>f</dt>
      <data>
        0. 0. 0. 5.53709862e-04 0. 0. 0. 0. 5.53709862e-04
        2.76854937e-03 2.54706535e-02 6.25692129e-01 5.48172779e-02
        3.32225906e-03 5.53709862e-04 5.53709862e-04 0. 0. 0.
        2.85714298e-01</data></histogram></_>
  <_><id>3</id>
    <height>1.1857879161834717e-01</height>
    <contour2d>
      -8.72780234e-02 5.86869717e-01 -8.88027176e-02 5.89996099e-01
      -1.16518579e-01 6.10876560e-01 -1.19228832e-01 6.12460434e-01
      -1.31417781e-01 6.13219976e-01 -1.57542750e-01 5.87430179e-01
      -1.58187777e-01 5.83602130e-01 -1.57957286e-01 5.81196904e-01
      -1.44998103e-01 5.69329381e-01 -1.31480545e-01 5.63921809e-01
      -1.19613543e-01 5.61242163e-01 -1.17217585e-01 5.61086476e-01
      -1.12218112e-01 5.63101888e-01 -1.04174741e-01 5.69319010e-01
      -9.03501958e-02 5.82158089e-01 -8.83560628e-02 5.84604621e-01</contour2d>
    <histogram type_id="opencv-matrix">
      <rows>20</rows>
      <cols>1</cols>
      <dt>f</dt>
      <data>
        0. 0. 0. 1.81050086e-03 1.20700058e-03 1.20700058e-03 0. 0.
        1.20700058e-03 7.24200346e-03 1.50875077e-01 4.26071197e-01
        8.44900403e-03 6.03500288e-04 0. 0. 0. 0. 0. 4.01327699e-01</data></histogram></_>
  <_><id>4</id>
    <height>1.2274479866027832e-01</height>
    <contour2d>
      -6.35494590e-02 7.00691462e-01 -9.89640802e-02 7.22865582e-01
      -1.11701235e-01 7.15889990e-01 -1.31409928e-01 6.94692850e-01
      -1.31570637e-01 6.90721691e-01 -1.24825925e-01 6.84422851e-01
      -1.15463480e-01 6.78541899e-01 -1.00217059e-01 6.70678079e-01
      -8.04198980e-02 6.76407695e-01 -7.90800154e-02 6.77169085e-01
      -6.42925799e-02 6.92887247e-01 -6.35211393e-02 6.98811352e-01</contour2d>
    <histogram type_id="opencv-matrix">
      <rows>20</rows>
      <cols>1</cols>
      <dt>f</dt>
      <data>
        0. 0. 0. 0. 0. 0. 0. 0. 5.92768250e-04 0. 4.62359227e-02
        5.11559010e-01 1.89685840e-02 0. 0. 0. 0. 0. 0. 4.22643751e-01</data></histogram></_>
  <_><id>5</id>
    <height>1.2262994050979614e-01</height>
    <contour2d>
      1.27753615e-03 7.48564363e-01 3.89897637e-03 7.62622058e-01
      2.74853781e-03 7.66568124e-01 -1.36955399e-02 7.90201187e-01
      -2.38567144e-02 7.92988956e-01 -4.57207859e-02 7.93426216e-01
      -4.71201539e-02 7.92617023e-01 -6.65309206e-02 7.73479402e-01
      -6.65430725e-02 7.71203637e-01 -6.45307526e-02 7.66978025e-01
      -5.69617413e-02 7.58543074e-01 -5.05407043e-02 7.52760291e-01
      -4.74282317e-02 7.50956357e-01 -3.97387110e-02 7.47927427e-01
      -3.82193327e-02 7.47704446e-01 -1.76360644e-03 7.44946063e-01
      -2.51736492e-04 7.44950593e-01</contour2d>
    <histogram type_id="opencv-matrix">
      <rows>20</rows>
      <cols>1</cols>
      <dt>f</dt>
      <data>
        0. 0. 0. 0. 0. 0. 0. 0. 5.75043145e-04 5.75043145e-04
        2.07015537e-02 5.62392175e-01 5.17538823e-02 5.75043168e-03
        5.75043145e-04 0. 0. 5.75043145e-04 0. 3.57101798e-01</data></histogram></_>
  <_><id>6</id>
    <height>1.2162578105926514e-01</height>
    <contour2d>
      4.99913916e-02 8.07591617e-01 4.49917763e-02 8.21325004e-01
      2.71379240e-02 8.37498069e-01 2.41104402e-02 8.37488949e-01
      1.31705217e-03 8.35696220e-01 -2.06405185e-02 8.17276359e-01
      -2.05769800e-02 8.13062966e-01 -1.89145859e-02 8.07801068e-01
      -1.55723616e-02 8.02210152e-01 -1.23720225e-02 7.97639012e-01
      8.32953304e-03 7.85761714e-01 9.91250575e-03 7.85766482e-01
      2.25606970e-02 7.90831447e-01 4.44996506e-02 8.01671088e-01
      4.82011065e-02 8.04020405e-01</contour2d>
    <histogram type_id="opencv-matrix">
      <rows>20</rows>
      <cols>1</cols>
      <dt>f</dt>
      <data>
        6.16522797e-04 0. 1.23304559e-03 2.46609119e-03 0.
        1.84956845e-03 0. 0. 0. 6.16522797e-04 3.82244140e-02
        5.83847106e-01 6.78175092e-02 1.84956845e-03 0. 0. 0.
        1.23304559e-03 8.01479630e-03 2.92231798e-01</data></histogram></_>
  <_><id>7</id>
    <height>1.1980736255645752e-01</height>
    <contour2d>
      -9.43511203e-02 6.90787673e-01 -1.19914554e-01 7.05483794e-01
      -1.31493211e-01 7.10553646e-01 -1.37018040e-01 7.11387873e-01
      -1.39531568e-01 7.10529566e-01 -1.65308997e-01 6.82570815e-01
      -1.64060012e-01 6.80549145e-01 -1.57087624e-01 6.71991348e-01
      -1.52063966e-01 6.67525172e-01 -1.43198654e-01 6.62301540e-01
      -1.31136358e-01 6.57596111e-01 -1.24505766e-01 6.58201933e-01
      -1.13338172e-01 6.62625074e-01 -1.05546400e-01 6.67473435e-01
      -9.75007564e-02 6.78249240e-01 -9.62310508e-02 6.80601597e-01
      -9.53383595e-02 6.83556914e-01</contour2d>
    <histogram type_id="opencv-matrix">
      <rows>20</rows>
      <cols>1</cols>
      <dt>f</dt>
      <data>
        0. 0. 0. 6.10873569e-04 0. 0. 0. 0. 0. 1.22174714e-03
        9.16310325e-02 3.83017719e-01 1.22174714e-02 0. 0. 0. 0. 0. 0.
        5.11301160e-01</data></histogram></_>
  <_><id>10</id>
    <height>1.2483692169189453e-01</height>
    <contour2d>
      1.77102134e-01 8.54145885e-01 1.52614862e-01 8.78737569e-01
      1.48087248e-01 8.80695343e-01 1.41609967e-01 8.79749060e-01
      1.27528399e-01 8.76572549e-01 1.03891201e-01 8.69274199e-01
      1.03596874e-01 8.58956337e-01 1.11193500e-01 8.47696483e-01
      1.16296165e-01 8.42648029e-01 1.26117438e-01 8.36353302e-01
      1.30219892e-01 8.34873974e-01 1.42485872e-01 8.31186473e-01
      1.44132450e-01 8.31191480e-01 1.68062374e-01 8.37514341e-01
      1.70414865e-01 8.38516116e-01</contour2d>
    <histogram type_id="opencv-matrix">
      <rows>20</rows>
      <cols>1</cols>
      <dt>f</dt>
      <data>
        0. 0. 0. 1.55763235e-03 7.78816175e-04 7.78816175e-04 0.
        2.33644852e-03 2.33644852e-03 3.11526470e-03 8.64485949e-02
        5.94236732e-01 7.00934557e-03 0. 0. 0. 0. 0. 0. 3.01401854e-01</data></histogram></_>
  <_><id>11</id>
    <height>1.2179088592529297e-01</height>
    <contour2d>
      -2.63058599e-02 7.65887082e-01 -4.86023873e-02 7.93579817e-01
      -7.03328997e-02 7.93668270e-01 -9.23684984e-02 7.74009049e-01
      -9.44539309e-02 7.68834352e-01 -9.43461210e-02 7.66998887e-01
      -9.12628621e-02 7.58567512e-01 -7.48016685e-02 7.48267949e-01
      -6.72064722e-02 7.47052133e-01 -6.56796321e-02 7.47056723e-01
