<?xml version="1.0"?>
<opencv_storage>
<obj>
  <_><id>1</id>
    <height>5.4241478443145752e-02</height>
    <contour2d>
      -8.72266218e-02 7.20489919e-01 -1.04832590e-01 7.50454366e-01
      -1.34092614e-01 7.58157372e-01 -1.61940902e-01 7.34877110e-01
      -1.66980118e-01 7.26176381e-01 -1.67935774e-01 7.21853018e-01
      -1.70676082e-01 7.04943776e-01 -1.70615375e-01 7.00914681e-01
      -1.69353381e-01 6.94322288e-01 -1.68995425e-01 6.93868160e-01
      -1.42725199e-01 6.77409172e-01 -1.34724677e-01 6.74290478e-01
      -1.11130401e-01 6.78217292e-01 -9.93969962e-02 6.84433043e-01
      -9.39453095e-02 6.92831218e-01 -8.70102197e-02 7.06126451e-01
      -8.68053362e-02 7.06992686e-01 -8.69901478e-02 7.19259381e-01</contour2d>
    <histogram type_id="opencv-matrix">
      <rows>20</rows>
      <cols>1</cols>
      <dt>f</dt>
      <data>
        3.32007974e-01 2.45858192e-01 4.10868153e-02 3.84360515e-02
        8.48243907e-02 1.59045737e-02 1.32538110e-03 0. 0. 0. 0. 0. 0.
        6.62690552e-04 3.31345270e-03 5.30152442e-03 1.39165018e-02
        1.81577206e-01 0. 3.57852913e-02</data></histogram></_>
  <_><id>2</id>
    <height>5.8336913585662842e-02</height>
    <contour2d>
      5.47561273e-02 6.56157911e-01 5.63714802e-02 6.60516500e-01
      5.60998991e-02 6.71566129e-01 5.34275994e-02 6.80362701e-01
      4.78700623e-02 6.93665087e-01 2.59260368e-02 7.09062696e-01
      8.11239518e-03 7.20341563e-01 5.05123101e-03 7.20332444e-01
      3.56237404e-03 7.20064402e-01 -2.66261213e-02 6.88958168e-01
      -2.63771564e-02 6.72476232e-01 -2.32501887e-02 6.62270784e-01
      -2.02369746e-02 6.58192217e-01 -1.87393110e-02 6.56509161e-01
      -1.44482683e-02 6.53216779e-01 -9.80564579e-03 6.50220990e-01
      -2.61175074e-03 6.46626353e-01 6.41450100e-03 6.43290579e-01
      9.37065482e-03 6.42320693e-01 1.22734420e-02 6.41641676e-01
      3.56768221e-02 6.42976344e-01 4.44344878e-02 6.45931125e-01
      4.72555980e-02 6.47195518e-01</contour2d>
    <histogram type_id="opencv-matrix">
      <rows>20</rows>
      <cols>1</cols>
      <dt>f</dt>
      <data>
        3.15661162e-01 1.95003033e-01 5.66727594e-02 4.02193777e-02
        1.31017670e-01 5.48446039e-03 0. 0. 0. 0. 0. 0. 6.09384500e-04
        0. 0. 5.48446039e-03 9.75015201e-03 1.99878111e-01 0.
        4.02193777e-02</data></histogram></_>
  <_><id>3</id>
    <height>5.7166337966918945e-02</height>
    <contour2d>
      -7.59117678e-02 8.86249661e-01 -7.79992640e-02 8.99781346e-01
      -8.22317153e-02 9.14848924e-01 -8.79085660e-02 9.20974016e-01
      -1.15330912e-01 9.29820657e-01 -1.43234551e-01 9.32446241e-01
      -1.45038754e-01 9.31228042e-01 -1.60924107e-01 9.02517557e-01
      -1.61077410e-01 8.94603610e-01 -1.60649359e-01 8.93325090e-01
      -1.52286768e-01 8.74529719e-01 -1.44689769e-01 8.67389321e-01
      -9.69232321e-02 8.65211964e-01 -8.48925784e-02 8.75216961e-01</contour2d>
    <histogram type_id="opencv-matrix">
      <rows>20</rows>
      <cols>1</cols>
      <dt>f</dt>
      <data>
        3.65439087e-01 1.57695934e-01 5.85457981e-02 5.57129346e-02
        7.08215311e-02 1.22757312e-02 0. 0. 0. 0. 0. 0. 0. 0.
        1.88857410e-03 1.03871580e-02 1.69971660e-02 1.83191687e-01 0.
        6.70443773e-02</data></histogram></_>
  <_><id>4</id>
    <height>5.5251657962799072e-02</height>
    <contour2d>
      -2.22801924e-01 8.00207257e-01 -2.26131901e-01 8.02391231e-01
      -2.55052745e-01 8.19442272e-01 -2.63930559e-01 8.21030200e-01
      -2.68937677e-01 8.21015298e-01 -2.96448439e-01 8.04967105e-01
      -2.98076689e-01 8.03867817e-01 -3.05538237e-01 7.91732848e-01
      -3.05835187e-01 7.90350258e-01 -3.06908190e-01 7.74356842e-01
      -3.04272056e-01 7.70965636e-01 -2.99636185e-01 7.66334414e-01
      -2.97991961e-01 7.65256047e-01 -2.76847214e-01 7.53961802e-01
      -2.71901935e-01 7.53725290e-01 -2.63552338e-01 7.54796028e-01
      -2.43443072e-01 7.59889483e-01 -2.42078915e-01 7.60653436e-01
      -2.28557572e-01 7.72419333e-01 -2.22288921e-01 7.80788302e-01</contour2d>
    <histogram type_id="opencv-matrix">
      <rows>20</rows>
      <cols>1</cols>
      <dt>f</dt>
      <data>
        4.35587198e-01 1.43772244e-01 4.62633446e-02 5.05338088e-02
        7.04626366e-02 6.40569394e-03 0. 0. 0. 0. 0. 0. 7.11743778e-04
        2.13523139e-03 0. 2.84697511e-03 7.11743766e-03 1.95017800e-01
        0. 3.91459092e-02</data></histogram></_>
  <_><id>5</id>
    <height>5.2338719367980957e-02</height>
    <contour2d>
      -1.37716323e-01 6.90831065e-01 -1.39715582e-01 6.96037054e-01
      -1.46020293e-01 7.04785526e-01 -1.52627513e-01 7.12048352e-01
      -1.64376944e-01 7.21616507e-01 -1.67625487e-01 7.23383904e-01
      -1.69152319e-01 7.23379314e-01 -1.82272568e-01 7.20040500e-01
      -2.08620757e-01 7.10873008e-01 -2.14129061e-01 7.05329835e-01
      -2.22365394e-01 6.80413067e-01 -2.18721747e-01 6.69050157e-01
      -2.16935724e-01 6.65369570e-01 -2.14439467e-01 6.61555529e-01
      -2.08979875e-01 6.55798078e-01 -2.05539092e-01 6.53421998e-01
      -1.85058132e-01 6.47326529e-01 -1.70332342e-01 6.47370756e-01
      -1.53248727e-01 6.54421985e-01 -1.51954681e-01 6.56110883e-01
      -1.39773265e-01 6.75241351e-01 -1.37701258e-01 6.89832449e-01</contour2d>
    <histogram type_id="opencv-matrix">
      <rows>20</rows>
      <cols>1</cols>
      <dt>f</dt>
      <data>
        4.24840778e-01 1.01273887e-01 4.71337587e-02 4.14012745e-02
        1.24203824e-01 1.40127391e-02 1.27388537e-03 0. 0. 0. 0. 0. 0.
        4.45859879e-03 3.18471342e-03 4.45859879e-03 1.08280256e-02
        1.77070066e-01 0. 4.58598733e-02</data></histogram></_>
  <_><id>6</id>
    <height>5.4828166961669922e-02</height>
    <contour2d>
      7.36523569e-02 6.18488133e-01 7.42237866e-02 6.24755919e-01
      7.29445145e-02 6.58070266e-01 7.15871900e-02 6.59751177e-01
      4.37955782e-02 6.75703466e-01 2.89072748e-02 6.73692584e-01
      2.44853254e-02 6.72944307e-01 -2.82715540e-03 6.66292906e-01
      -8.66190251e-03 6.44434750e-01 -8.62209406e-03 6.34239197e-01
      -7.24532828e-03 6.28179908e-01 -1.26948208e-03 6.17650330e-01
      1.12393871e-04 6.16304040e-01 2.43408065e-02 6.03955448e-01
      2.71215867e-02 6.03302181e-01 2.85398979e-02 6.03306472e-01
      4.62928787e-02 6.04339778e-01 5.52415624e-02 6.05490685e-01
      6.17859140e-02 6.09737039e-01</contour2d>
    <histogram type_id="opencv-matrix">
      <rows>20</rows>
      <cols>1</cols>
      <dt>f</dt>
      <data>
        3.10303032e-01 1.10909089e-01 4.18181829e-02 4.96969707e-02
        1.30303025e-01 1.21212117e-02 2.42424244e-03 0. 0. 0. 0. 0. 0.
        6.06060610e-04 1.21212122e-03 4.84848488e-03 2.24242434e-02
        2.66666681e-01 0. 4.66666669e-02</data></histogram></_>
  <_><id>7</id>
    <height>5.1442027091979980e-02</height>
    <contour2d>
      2.17933521e-01 7.25157201e-01 2.17886880e-01 7.28253782e-01
      2.15571359e-01 7.46518850e-01 2.09538057e-01 7.57141769e-01
      2.00115457e-01 7.72527933e-01 1.84954926e-01 7.78826833e-01
      1.81960866e-01 7.79602647e-01 1.80100009e-01 7.79885709e-01
      1.74796641e-01 7.79368579e-01 1.44053593e-01 7.62937009e-01
      1.38404295e-01 7.55877137e-01 1.35109499e-01 7.48551905e-01
      1.34961694e-01 7.45673537e-01 1.35205388e-01 7.42186964e-01
      1.52929425e-01 7.12525129e-01 1.66755140e-01 7.08788455e-01
      1.78911343e-01 7.08092213e-01 1.87401369e-01 7.08998203e-01
      1.93900511e-01 7.10250914e-01 2.00931400e-01 7.13496625e-01
      2.16130629e-01 7.22338736e-01 2.16711864e-01 7.22804308e-01</contour2d>
    <histogram type_id="opencv-matrix">
      <rows>20</rows>
      <cols>1</cols>
      <dt>f</dt>
      <data>
        3.26885879e-01 2.55963892e-01 4.70664054e-02 4.31979373e-02
        7.15667307e-02 1.09606702e-02 0. 0. 0. 0. 0. 0. 0. 0. 0.
        2.57898122e-03 1.16054155e-02 2.01805279e-01 0. 2.83687934e-02</data></histogram></_>
  <_><id>8</id>
    <height>5.1975429058074951e-02</height>
    <contour2d>
