<?xml version="1.0"?>
<opencv_storage>
<obj>
  <_><id>1</id>
    <height>1.7191433906555176e-01</height>
    <contour2d>
      -2.19412565e-01 5.98367929e-01 -2.18368232e-01 6.03980303e-01
      -2.17816293e-01 6.13298059e-01 -2.18604058e-01 6.59696877e-01
      -2.19005257e-01 6.62080228e-01 -2.21600920e-01 6.63141012e-01
      -2.53228694e-01 6.64519727e-01 -2.73006439e-01 6.62899435e-01
      -2.85593003e-01 6.61189258e-01 -2.89457083e-01 6.59451962e-01
      -2.96656340e-01 6.05835974e-01 -2.96630591e-01 6.04125261e-01
      -2.94794381e-01 5.98065853e-01 -2.92716444e-01 5.96594572e-01
      -2.88507372e-01 5.94974577e-01 -2.78246313e-01 5.94883740e-01
      -2.31273592e-01 5.95120728e-01 -2.19838738e-01 5.97898722e-01</contour2d>
    <histogram type_id="opencv-matrix">
      <rows>20</rows>
      <cols>1</cols>
      <dt>f</dt>
      <data>
        4.84512886e-03 8.28863084e-02 6.84893548e-01 1.22858621e-01
        2.24952400e-03 3.46080633e-04 0. 0. 0. 0. 3.46080633e-04
        1.73040316e-04 6.92161266e-04 3.46080633e-04 0. 0. 0.
        6.92161266e-04 4.32600779e-03 9.53452140e-02</data></histogram></_>
  <_><id>2</id>
    <height>1.7279160022735596e-01</height>
    <contour2d>
      -9.56484452e-02 6.19478226e-01 -9.61302593e-02 6.25995100e-01
      -1.24012314e-01 6.66698933e-01 -1.27240896e-01 6.69937968e-01
      -1.35794923e-01 6.74914241e-01 -1.37112200e-01 6.74910307e-01
      -1.53036729e-01 6.67367101e-01 -1.94922224e-01 6.46216631e-01
      -1.98501661e-01 6.43701673e-01 -1.98187798e-01 6.39492452e-01
      -1.63313270e-01 5.90066671e-01 -1.59117356e-01 5.86132824e-01
      -1.56427220e-01 5.85409582e-01 -1.42495885e-01 5.89107692e-01
      -1.14566676e-01 6.05484128e-01 -9.69027802e-02 6.17428541e-01
      -9.58595648e-02 6.18880153e-01</contour2d>
    <histogram type_id="opencv-matrix">
      <rows>20</rows>
      <cols>1</cols>
      <dt>f</dt>
      <data>
        3.71823995e-03 9.99793410e-02 7.78145015e-01 4.89568263e-02
        1.03284442e-03 4.13137779e-04 0. 0. 0. 0. 0. 4.13137779e-04
        6.19706698e-04 0. 0. 0. 2.06568890e-04 2.06568890e-04
        8.46932456e-03 5.78392893e-02</data></histogram></_>
  <_><id>4</id>
    <height>1.7167860269546509e-01</height>
    <contour2d>
      1.56150788e-01 5.97226262e-01 1.56362355e-01 5.99723697e-01
      1.39716893e-01 6.28859282e-01 1.30055726e-01 6.43560529e-01
      1.24088831e-01 6.50784731e-01 1.23010553e-01 6.51581287e-01
      1.16387270e-01 6.50761724e-01 9.77506712e-02 6.46657586e-01
      6.17703870e-02 6.31339073e-01 6.06327504e-02 6.26471758e-01
      6.07702658e-02 6.25440359e-01 7.77501538e-02 5.90785444e-01
      8.92112032e-02 5.73413610e-01 9.13140550e-02 5.71161747e-01
      9.30861980e-02 5.70104957e-01 9.55186561e-02 5.70112228e-01
      1.11792631e-01 5.73257685e-01 1.51687473e-01 5.89518666e-01
      1.53943658e-01 5.92516780e-01</contour2d>
    <histogram type_id="opencv-matrix">
      <rows>20</rows>
      <cols>1</cols>
      <dt>f</dt>
      <data>
        1.41143263e-03 6.08327463e-02 8.49400163e-01 2.39943545e-02
        9.88002867e-04 8.46859533e-04 0. 0. 0. 0. 0. 0. 1.41143260e-04
        0. 0. 0. 0. 1.41143260e-04 0. 6.22441769e-02</data></histogram></_>
  <_><id>5</id>
    <height>1.7200863361358643e-01</height>
    <contour2d>
      1.55555546e-01 5.94593108e-01 1.56158552e-01 5.97212672e-01
      1.39960542e-01 6.29637063e-01 1.26031622e-01 6.48382604e-01
      1.24097288e-01 6.50776029e-01 1.23019040e-01 6.51572526e-01
      9.64957774e-02 6.45796239e-01 6.25708401e-02 6.33367658e-01
      6.18682578e-02 6.32972658e-01 6.10462055e-02 6.27008259e-01
      6.11878037e-02 6.26077652e-01 7.42308423e-02 5.99055886e-01
      7.78917968e-02 5.92339933e-01 8.92186612e-02 5.73404133e-01
      9.09592062e-02 5.71307361e-01 9.30936113e-02 5.70095301e-01
      9.58999991e-02 5.69920063e-01 1.11800119e-01 5.73248386e-01
      1.53964564e-01 5.91627836e-01 1.55010968e-01 5.93358517e-01</contour2d>
    <histogram type_id="opencv-matrix">
      <rows>20</rows>
      <cols>1</cols>
      <dt>f</dt>
      <data>
        2.88501149e-03 8.50391537e-02 8.33630979e-01 2.43165269e-02
        8.24289047e-04 4.12144524e-04 1.37381503e-04 0. 0. 0. 0. 0.
        2.74763006e-04 0. 0. 0. 0. 6.86907500e-04 0. 5.17928265e-02</data></histogram></_>
  <_><id>6</id>
    <height>1.7591476440429688e-01</height>
    <contour2d>
      2.11774498e-01 5.80953658e-01 2.14229301e-01 5.87454379e-01
      2.14161977e-01 6.42905414e-01 2.08091095e-01 6.47070110e-01
      2.05875188e-01 6.47864521e-01 1.47241831e-01 6.48277462e-01
      1.37625664e-01 5.89404702e-01 1.37653098e-01 5.87584376e-01
      1.38817072e-01 5.73105454e-01 1.40139982e-01 5.72237790e-01
      2.08691090e-01 5.78650177e-01</contour2d>
    <histogram type_id="opencv-matrix">
      <rows>20</rows>
      <cols>1</cols>
      <dt>f</dt>
      <data>
        4.80598072e-03 1.11783557e-01 7.76610911e-01 3.07938773e-02
        4.09398368e-03 5.33997896e-04 1.77999289e-04 0. 0.
        1.77999289e-04 1.77999289e-04 1.60199357e-03 0. 0. 0.
        1.77999289e-04 3.55998578e-04 1.60199357e-03 0. 6.71057329e-02</data></histogram></_>
  <_><id>7</id>
    <height>1.7190122604370117e-01</height>
    <contour2d>
      2.04388559e-01 7.33370781e-01 2.04066694e-01 7.35584557e-01
      1.63243994e-01 7.76570380e-01 1.55471265e-01 7.76755631e-01
      1.52369648e-01 7.73944438e-01 1.10053994e-01 7.32747793e-01
      1.07850768e-01 7.25436687e-01 1.08397163e-01 7.24133611e-01
      1.19281046e-01 7.14614034e-01 1.45687476e-01 6.92066908e-01
      1.59317181e-01 6.81284487e-01 1.63424239e-01 6.80885196e-01
      1.64943591e-01 6.80889726e-01 1.67682767e-01 6.82342947e-01
      1.69686884e-01 6.84653461e-01 1.96656644e-01 7.17820168e-01
      1.97888002e-01 7.19504178e-01 2.00241074e-01 7.23438382e-01
      2.04403639e-01 7.32369721e-01</contour2d>
    <histogram type_id="opencv-matrix">
      <rows>20</rows>
      <cols>1</cols>
      <dt>f</dt>
      <data>
        3.22812051e-03 7.42467716e-02 8.44332874e-01 2.88737454e-02
        1.07604021e-03 1.79340030e-04 0. 0. 0. 0. 0. 0. 0. 0. 0. 0. 0.
        3.58680059e-04 0. 4.77044471e-02</data></histogram></_>
  <_><id>8</id>
    <height>1.6978400945663452e-01</height>
    <contour2d>
      7.35770464e-02 6.96307540e-01 7.51839802e-02 7.05354512e-01
      7.50422701e-02 7.54102170e-01 7.26212561e-02 7.60379314e-01
      6.58764318e-02 7.64755905e-01 3.02014034e-02 7.71746278e-01
      1.40901860e-02 7.70071030e-01 1.06667727e-03 7.65423119e-01
      -8.62197950e-04 7.10960507e-01 -8.33123922e-04 7.09030628e-01
      1.85438618e-03 7.01048493e-01 5.70867583e-03 7.00366199e-01
      6.80709034e-02 6.96320832e-01</contour2d>
    <histogram type_id="opencv-matrix">
      <rows>20</rows>
      <cols>1</cols>
      <dt>f</dt>
      <data>
        3.14201927e-03 7.81315491e-02 8.20904911e-01 1.25680771e-02
        8.37871805e-04 0. 0. 0. 0. 0. 0. 0. 0. 0. 0. 0. 0. 0. 0.
        8.44155848e-02</data></histogram></_>
  <_><id>9</id>
    <height>1.7239427566528320e-01</height>
    <contour2d>
      -3.49409282e-02 7.50514865e-01 -3.64535004e-02 7.52316177e-01
      -3.82598266e-02 7.53880501e-01 -9.09432843e-02 7.80459702e-01
      -9.24065039e-02 7.80455351e-01 -1.06811121e-01 7.78675616e-01
      -1.37470931e-01 7.37931430e-01 -1.37144387e-01 7.34350622e-01
      -1.35987878e-01 7.30686963e-01 -1.34587109e-01 7.26966262e-01
      -8.53915811e-02 6.98474288e-01 -8.09696540e-02 6.96778476e-01
      -7.82602653e-02 6.96786642e-01 -7.42823780e-02 7.00023711e-01
      -4.01296280e-02 7.38169014e-01</contour2d>
    <histogram type_id="opencv-matrix">
      <rows>20</rows>
      <cols>1</cols>
      <dt>f</dt>
      <data>
        3.07744904e-03 8.80492330e-02 8.20140183e-01 3.04325521e-02
        8.54846963e-04 3.41938779e-04 0. 0. 0. 0. 0. 0. 0. 0. 0. 0. 0.
        6.83877559e-04 2.56454083e-03 5.38553596e-02</data></histogram></_>
  <_><id>10</id>
    <height>1.7130422592163086e-01</height>
