<?xml version="1.0"?>
<opencv_storage>
<obj>
  <_><id>1</id>
    <height>5.5420100688934326e-02</height>
    <contour2d>
      -3.90903279e-02 7.01001823e-01 -3.92033383e-02 7.06560433e-01
      -4.09373939e-02 7.22728848e-01 -4.72071692e-02 7.28318989e-01
      -7.19125122e-02 7.31057048e-01 -8.56073722e-02 7.29486525e-01
      -1.08698986e-01 7.26088345e-01 -1.10124901e-01 7.25324214e-01
      -1.13919869e-01 7.13649988e-01 -1.13930367e-01 7.07288802e-01
      -1.12372912e-01 7.05261350e-01 -1.07669011e-01 7.01888561e-01
      -1.02697589e-01 6.99735880e-01</contour2d>
    <histogram type_id="opencv-matrix">
      <rows>20</rows>
      <cols>1</cols>
      <dt>f</dt>
      <data>
        0. 2.83286115e-03 8.66855502e-01 7.50708207e-02 5.66572230e-03
        0. 0. 0. 0. 0. 0. 0. 0. 0. 0. 0. 0. 0. 0. 4.95750718e-02</data></histogram></_>
  <_><id>2</id>
    <height>5.9808671474456787e-02</height>
    <contour2d>
      7.06271529e-02 6.59678519e-01 4.62719128e-02 6.68408513e-01
      4.48199138e-02 6.68404162e-01 3.15242559e-02 6.63521826e-01
      1.83587838e-02 6.55069649e-01 6.78658485e-03 6.46684587e-01
      -3.08494270e-03 6.37411892e-01 -5.90764917e-03 6.32215500e-01
      -5.92542998e-03 6.29875124e-01 -3.17156501e-03 6.27092838e-01
      1.09152403e-02 6.17571354e-01 1.56674366e-02 6.17838025e-01
      2.93518249e-02 6.25456750e-01 7.02040046e-02 6.54889524e-01</contour2d>
    <histogram type_id="opencv-matrix">
      <rows>20</rows>
      <cols>1</cols>
      <dt>f</dt>
      <data>
        0. 1.03329504e-02 8.78300786e-01 6.42939135e-02 4.59242240e-03
        0. 0. 0. 0. 0. 0. 0. 0. 0. 0. 0. 0. 0. 0. 4.24799062e-02</data></histogram></_>
  <_><id>3</id>
    <height>5.5145263671875000e-02</height>
    <contour2d>
      -1.10622339e-01 6.02315128e-01 -1.08905256e-01 6.11472368e-01
      -1.09069452e-01 6.14937484e-01 -1.10365257e-01 6.16093755e-01
      -1.45973697e-01 6.38399959e-01 -1.60533845e-01 6.43549204e-01
      -1.63558722e-01 6.44256353e-01 -1.69004098e-01 6.41638637e-01
      -1.84490114e-01 6.32385194e-01 -1.85628250e-01 6.25940263e-01
      -1.85599342e-01 6.24022841e-01 -1.40055135e-01 5.98046243e-01
      -1.28771648e-01 5.92359006e-01 -1.22047268e-01 5.91838300e-01
      -1.21078104e-01 5.92036426e-01 -1.19847320e-01 5.92710316e-01</contour2d>
    <histogram type_id="opencv-matrix">
      <rows>20</rows>
      <cols>1</cols>
      <dt>f</dt>
      <data>
        0. 7.88288284e-03 8.69369388e-01 8.33333358e-02 1.12612615e-03
        0. 0. 0. 0. 0. 0. 0. 0. 0. 0. 0. 0. 0. 0. 3.82882878e-02</data></histogram></_>
  <_><id>4</id>
    <height>5.4885566234588623e-02</height>
    <contour2d>
      -1.58302069e-01 7.55998850e-01 -1.62523210e-01 7.58625746e-01
      -1.64298892e-01 7.59386539e-01 -1.74770266e-01 7.62307644e-01
      -1.79704607e-01 7.63075113e-01 -1.88611358e-01 7.61751294e-01
      -2.02493608e-01 7.54635692e-01 -2.28692472e-01 7.32351542e-01
      -2.28661388e-01 7.30289698e-01 -2.28121668e-01 7.26714492e-01
      -2.26127535e-01 7.20160246e-01 -2.21400440e-01 7.16035545e-01
      -2.08863884e-01 7.08841383e-01 -2.07322091e-01 7.08845973e-01
      -2.05795735e-01 7.09876537e-01 -1.89835817e-01 7.24219978e-01
      -1.59908026e-01 7.51617968e-01</contour2d>
    <histogram type_id="opencv-matrix">
      <rows>20</rows>
      <cols>1</cols>
      <dt>f</dt>
      <data>
        0. 1.02564099e-03 7.38461494e-01 1.41538456e-01 1.00512818e-01
        0. 0. 0. 0. 0. 0. 0. 0. 0. 0. 0. 0. 0. 0. 1.84615385e-02</data></histogram></_>
  <_><id>5</id>
    <height>5.4345190525054932e-02</height>
    <contour2d>
      -6.52447268e-02 8.00743461e-01 -6.69962913e-02 8.02636266e-01
      -7.78859556e-02 8.10506701e-01 -8.62220824e-02 8.12384725e-01
      -9.41106826e-02 8.08044076e-01 -1.00256421e-01 8.01542163e-01
      -1.06224939e-01 7.93191314e-01 -1.24891229e-01 7.65032649e-01
      -1.24576420e-01 7.59245515e-01 -1.10287078e-01 7.51644135e-01
      -1.03682868e-01 7.49835730e-01 -9.88054276e-02 7.48772025e-01
      -9.69432592e-02 7.48684406e-01 -9.38013718e-02 7.49443650e-01
      -9.05970186e-02 7.52874851e-01 -6.45030439e-02 7.94878006e-01
      -6.45164698e-02 7.98479915e-01</contour2d>
    <histogram type_id="opencv-matrix">
      <rows>20</rows>
      <cols>1</cols>
      <dt>f</dt>
      <data>
        0. 0. 9.37299013e-01 0. 0. 0. 0. 0. 0. 0. 0. 0. 0. 0. 0. 0. 0.
        0. 0. 6.27009645e-02</data></histogram></_>
  <_><id>6</id>
    <height>5.5084705352783203e-02</height>
    <contour2d>
      6.46290109e-02 7.57129669e-01 6.63936660e-02 7.61888266e-01
      6.67152852e-02 7.67372847e-01 6.18750378e-02 7.76672363e-01
      5.42797297e-02 7.86746144e-01 3.10237408e-02 8.12441826e-01
      2.93549709e-02 8.13536286e-01 2.59341598e-02 8.13011169e-01
      1.76677853e-02 8.11083555e-01 9.46783833e-03 8.08867693e-01
      2.35345215e-04 8.04294109e-01 3.06291506e-04 8.01718473e-01
      1.29512139e-03 7.95812726e-01 3.22423019e-02 7.58109927e-01
      4.02484983e-02 7.53392935e-01 4.34780642e-02 7.53402591e-01</contour2d>
    <histogram type_id="opencv-matrix">
      <rows>20</rows>
      <cols>1</cols>
      <dt>f</dt>
      <data>
        0. 0. 9.50303018e-01 0. 0. 0. 0. 0. 0. 0. 0. 0. 0. 0. 0. 0. 0.
        0. 0. 4.96969707e-02</data></histogram></_>
  <_><id>7</id>
    <height>5.5640757083892822e-02</height>
    <contour2d>
      1.44523799e-01 8.06175947e-01 1.21009223e-01 8.17839384e-01
      1.00197606e-01 8.07747602e-01 7.94127882e-02 7.92084217e-01
      7.42535442e-02 7.86449611e-01 7.23646283e-02 7.79795051e-01
      7.24800453e-02 7.72134006e-01 8.43574554e-02 7.64918387e-01
      8.57532173e-02 7.64512241e-01 9.12458301e-02 7.63922036e-01
      9.23174024e-02 7.64124274e-01 9.75286365e-02 7.66054690e-01
      1.06893361e-01 7.70381153e-01 1.43057227e-01 8.01000237e-01
      1.44540638e-01 8.05059075e-01</contour2d>
    <histogram type_id="opencv-matrix">
      <rows>20</rows>
      <cols>1</cols>
      <dt>f</dt>
      <data>
        0. 0. 7.81847119e-01 1.67197451e-01 1.43312104e-02 0.
        1.59235671e-03 1.59235671e-03 0. 0. 0. 0. 0. 0. 0. 0. 0. 0. 0.
        3.34394909e-02</data></histogram></_>
  <_><id>8</id>
    <height>5.4216444492340088e-02</height>
    <contour2d>
      2.12007448e-01 7.65568733e-01 2.18261883e-01 7.74328291e-01
      2.18864650e-01 7.75717974e-01 2.18816102e-01 7.78937697e-01
      2.18262315e-01 7.84231782e-01 1.89139411e-01 8.16944063e-01
      1.75813586e-01 8.19115460e-01 1.55447766e-01 8.18903863e-01
      1.54362202e-01 8.16997886e-01 1.54081374e-01 8.12442482e-01
      1.63388655e-01 7.99649954e-01 1.65856197e-01 7.96498239e-01
      1.81605220e-01 7.79223025e-01 1.98269099e-01 7.64893353e-01
      1.99644327e-01 7.64135122e-01 2.06116304e-01 7.63532579e-01
      2.07717985e-01 7.63537407e-01 2.10414410e-01 7.64493167e-01</contour2d>
    <histogram type_id="opencv-matrix">
      <rows>20</rows>
      <cols>1</cols>
      <dt>f</dt>
      <data>
        0. 1.36612018e-03 9.09836054e-01 6.14754073e-02 4.09836043e-03
        0. 1.36612018e-03 0. 0. 0. 0. 0. 0. 0. 0. 0. 0. 0. 0.
        2.18579229e-02</data></histogram></_>
  <_><id>10</id>
    <height>5.6622505187988281e-02</height>
    <contour2d>
      5.26906997e-02 8.73650849e-01 5.27490005e-02 8.75641108e-01
      4.94907051e-02 8.87957633e-01 4.63503823e-02 8.95324111e-01
      4.30537611e-02 8.99854124e-01 3.61038037e-02 9.03541207e-01
      -6.70728832e-03 9.04095054e-01 -1.55469552e-02 8.98838341e-01
      -1.73053537e-02 8.95134032e-01 -2.23623067e-02 8.80752385e-01
      -2.22955775e-02 8.76841962e-01 -1.71027370e-02 8.72768342e-01
      -1.53561141e-02 8.71948838e-01 6.33933768e-03 8.69076192e-01
      3.09136212e-02 8.67847621e-01 4.95031774e-02 8.70295405e-01</contour2d>
    <histogram type_id="opencv-matrix">
      <rows>20</rows>
      <cols>1</cols>
      <dt>f</dt>
      <data>
        0. 1.91570877e-03 9.48275864e-01 0. 0. 0. 0. 0. 0. 0. 0. 0. 0.
