<?xml version="1.0"?>
<opencv_storage>
<obj>
  <_><id>1</id>
    <height>1.0896694660186768e-01</height>
    <contour2d>
      8.83138478e-02 6.50386930e-01 -1.06072798e-03 6.53925776e-01
      -4.00215201e-03 6.52933002e-01 -5.48235700e-03 6.49570882e-01
      -5.53888828e-03 6.35838330e-01 -4.13249061e-03 6.27879143e-01
      -2.71860510e-03 6.23924255e-01 2.86320224e-03 6.10536754e-01
      1.68907456e-02 6.03474021e-01 2.81773768e-02 6.03509247e-01
      4.83091138e-02 6.10678673e-01 5.85231744e-02 6.14618838e-01
      8.59738290e-02 6.32554531e-01 8.74835700e-02 6.34198129e-01
      8.80594999e-02 6.36082530e-01</contour2d>
    <histogram type_id="opencv-matrix">
      <rows>20</rows>
      <cols>1</cols>
      <dt>f</dt>
      <data>
        2.18671151e-02 2.01850291e-02 4.16316241e-02 8.41042921e-02
        5.04625728e-03 0. 4.20521450e-04 0. 7.98990764e-03
        1.97645091e-02 4.20521450e-04 3.36417160e-03 3.57443243e-02
        3.19596305e-02 6.72834320e-03 6.72834320e-03 1.64003372e-02
        8.62068981e-02 0. 6.11438215e-01</data></histogram></_>
  <_><id>2</id>
    <height>1.0950648784637451e-01</height>
    <contour2d>
      -6.99270219e-02 7.91232884e-01 -6.99150115e-02 7.93625474e-01
      -8.05702433e-02 8.30881834e-01 -8.26091021e-02 8.36345553e-01
      -1.44828007e-01 8.50715101e-01 -1.46426409e-01 8.48745048e-01
      -1.47586510e-01 8.43226552e-01 -1.48292005e-01 8.34197164e-01
      -1.47992983e-01 8.31464291e-01 -1.32295087e-01 8.12515855e-01
      -1.14272870e-01 8.02168906e-01 -7.98484311e-02 7.87434936e-01
      -7.63282105e-02 7.86676645e-01 -7.47227743e-02 7.86681592e-01</contour2d>
    <histogram type_id="opencv-matrix">
      <rows>20</rows>
      <cols>1</cols>
      <dt>f</dt>
      <data>
        1.81968566e-02 2.06782464e-02 7.27874264e-02 1.29032254e-01
        1.81968566e-02 2.48138956e-03 8.27129872e-04 5.78990905e-03
        2.31596362e-02 2.23325063e-02 0. 0. 2.23325063e-02
        2.48138960e-02 9.92555823e-03 9.92555823e-03 1.65425967e-02
        6.53432608e-02 0. 5.37634432e-01</data></histogram></_>
  <_><id>3</id>
    <height>6.4385950565338135e-02</height>
    <contour2d>
      7.65031949e-02 6.11063302e-01 7.59912059e-02 6.18565023e-01
      6.67612776e-02 6.44737303e-01 6.55377656e-02 6.47108734e-01
      4.34257388e-02 6.66233361e-01 1.41346361e-02 6.90659404e-01
      1.26604214e-02 6.91626072e-01 8.31575505e-03 6.92368805e-01
      -5.87591901e-04 6.87804341e-01 -3.34958807e-02 6.58997834e-01
      -3.34719010e-02 6.56823039e-01 -1.71027258e-02 6.16381884e-01
      5.49346767e-03 5.98217249e-01 1.37738530e-02 5.92808962e-01
      1.65759083e-02 5.91889977e-01 2.21518632e-02 5.91907263e-01
      3.33727151e-02 5.92599750e-01 6.77536279e-02 6.01834536e-01
      6.91298321e-02 6.02763951e-01 7.47453719e-02 6.08087182e-01</contour2d>
    <histogram type_id="opencv-matrix">
      <rows>20</rows>
      <cols>1</cols>
      <dt>f</dt>
      <data>
        1.46074248e-02 2.55629942e-02 8.88618380e-02 7.79062659e-02
        6.08642679e-03 0. 2.43457081e-03 3.04321339e-03 1.76506378e-02
        3.77358459e-02 6.08642702e-04 6.08642702e-04 1.33901397e-02
        3.28667052e-02 2.25197803e-02 9.12964065e-03 1.09555684e-02
        4.74741310e-02 0. 5.88557482e-01</data></histogram></_>
  <_><id>4</id>
    <height>6.3072919845581055e-02</height>
    <contour2d>
      -1.00272477e-01 7.09572971e-01 -1.03657812e-01 7.15181172e-01
      -1.22131772e-01 7.40946889e-01 -1.26911670e-01 7.44080961e-01
      -1.30199268e-01 7.44833112e-01 -1.61134467e-01 7.43779242e-01
      -1.67899311e-01 7.38130510e-01 -2.20979095e-01 6.80984795e-01
      -2.22254962e-01 6.67774022e-01 -2.22240075e-01 6.66794121e-01
      -1.79632574e-01 6.40937686e-01 -1.56557232e-01 6.38297081e-01
      -1.54629290e-01 6.39056563e-01 -1.30361810e-01 6.55161619e-01
      -1.09945089e-01 6.70361817e-01 -1.02604382e-01 6.84125066e-01
      -1.00183412e-01 6.89456403e-01 -9.89794582e-02 6.93661094e-01</contour2d>
    <histogram type_id="opencv-matrix">
      <rows>20</rows>
      <cols>1</cols>
      <dt>f</dt>
      <data>
        2.06896551e-02 2.50783712e-02 1.24764889e-01 5.76802529e-02
        2.50783702e-03 0. 6.26959256e-04 6.26959256e-04 0. 0.
        6.26959256e-04 1.25391851e-03 7.52351107e-03 3.44827585e-02
        1.37931034e-02 8.77742935e-03 1.31661445e-02 3.76175568e-02 0.
        6.50783718e-01</data></histogram></_>
  <_><id>5</id>
    <height>5.6025445461273193e-02</height>
    <contour2d>
      -4.35886458e-02 6.53896153e-01 -4.36104685e-02 6.58245981e-01
      -7.85869956e-02 7.14520991e-01 -9.18192714e-02 7.23504961e-01
      -9.67321843e-02 7.24967122e-01 -1.20420635e-01 7.24893451e-01
      -1.61530241e-01 7.01910138e-01 -1.30669296e-01 6.58450365e-01
      -9.33160037e-02 6.14367783e-01 -8.53250325e-02 6.14688635e-01
      -7.84377977e-02 6.15785539e-01 -5.92706874e-02 6.33302927e-01</contour2d>
    <histogram type_id="opencv-matrix">
      <rows>20</rows>
      <cols>1</cols>
      <dt>f</dt>
      <data>
        7.42942048e-03 1.18870726e-02 6.16641901e-02 4.30906378e-02
        2.22882605e-03 0. 0. 0. 0. 0. 0. 0. 5.94353629e-03
        6.68647839e-03 4.45765210e-03 8.91530421e-03 4.45765210e-03
        1.33729568e-02 0. 8.29866230e-01</data></histogram></_>
  <_><id>6</id>
    <height>7.2249531745910645e-02</height>
    <contour2d>
      -6.96975887e-02 7.05379367e-01 -7.58820251e-02 7.10440457e-01
      -1.02223665e-01 7.17696488e-01 -1.47135466e-01 7.26168096e-01
      -1.88046813e-01 7.03582644e-01 -1.79622978e-01 6.40932143e-01
      -1.69893175e-01 5.98332345e-01 -1.68489844e-01 5.98336697e-01
      -8.58752280e-02 6.39559567e-01 -8.16019475e-02 6.42209113e-01
      -7.60887116e-02 6.47927821e-01 -7.21990764e-02 6.55768037e-01
      -7.08781108e-02 6.59149647e-01 -6.96941316e-02 6.64943397e-01
      -6.62389472e-02 6.94621503e-01 -6.62542731e-02 6.95631266e-01</contour2d>
    <histogram type_id="opencv-matrix">
      <rows>20</rows>
      <cols>1</cols>
      <dt>f</dt>
      <data>
        2.84552854e-02 2.23577246e-02 9.07859132e-02 8.67208689e-02
        1.42276427e-02 1.35501358e-03 0. 2.71002715e-03 1.35501358e-03
        6.77506812e-03 0. 2.03252025e-03 9.48509481e-03 5.89430891e-02
        2.10027099e-02 1.49051491e-02 9.48509481e-03 4.47154492e-02 0.
        5.84688365e-01</data></histogram></_>
  <_><id>7</id>
    <height>6.6708028316497803e-02</height>
    <contour2d>
      -1.68489829e-01 5.98342657e-01 -8.20681751e-02 6.58949375e-01
      -7.64447823e-02 6.63059413e-01 -7.68452287e-02 6.68595791e-01
      -8.52802023e-02 6.97229385e-01 -1.05278745e-01 7.62506664e-01
      -1.11239761e-01 7.64594853e-01 -1.15743637e-01 7.64048576e-01
      -1.44971579e-01 7.51874149e-01 -1.71559498e-01 7.40410447e-01
      -1.72867224e-01 7.35859394e-01 -1.77047908e-01 7.12873936e-01
      -1.79622978e-01 6.40938163e-01</contour2d>
    <histogram type_id="opencv-matrix">
      <rows>20</rows>
      <cols>1</cols>
      <dt>f</dt>
      <data>
        7.17703346e-03 1.73444971e-02 9.44976062e-02 4.84449752e-02
        4.78468882e-03 1.19617220e-03 1.79425837e-03 6.57894695e-03
        2.57177018e-02 3.76794226e-02 3.58851673e-03 0. 9.56937764e-03
        2.69138739e-02 8.97129159e-03 8.97129159e-03 1.01674637e-02
        2.03349274e-02 0. 6.66267931e-01</data></histogram></_>
  <_><id>8</id>
    <height>1.0820746421813965e-01</height>
    <contour2d>
      4.33883443e-03 7.23491430e-01 6.10389002e-03 7.37244248e-01
      4.66447882e-03 7.49310851e-01 -6.31103516e-02 7.51247764e-01
      -8.36201683e-02 7.47221947e-01 -8.53716508e-02 7.46425688e-01
      -8.65529627e-02 7.44627297e-01 -5.67901656e-02 7.13976204e-01
      -3.46869081e-02 7.04788268e-01 -2.07232144e-02 7.04103947e-01
      -1.60753373e-02 7.04118371e-01 -4.45360318e-04 7.18437374e-01</contour2d>
    <histogram type_id="opencv-matrix">
      <rows>20</rows>
      <cols>1</cols>
      <dt>f</dt>
      <data>
