<?xml version="1.0"?>
<opencv_storage>
<obj>
  <_><id>1</id>
    <height>4.1865766048431396e-02</height>
    <contour2d>
      -5.39682060e-03 6.67419016e-01 -3.88054457e-03 6.71544790e-01
      -6.74739480e-04 6.87601626e-01 -6.50929287e-04 6.94555998e-01
      -2.23664269e-02 7.11827517e-01 -3.16745639e-02 7.17576385e-01
      -3.94348986e-02 7.21929610e-01 -5.03081083e-02 7.24431753e-01
      -7.22646639e-02 7.25791335e-01 -8.32431987e-02 7.23111987e-01
      -8.60833377e-02 7.18797982e-01 -8.87380838e-02 7.08615780e-01
      -8.82415697e-02 6.95442200e-01 -8.66572484e-02 6.92376316e-01
      -7.50102252e-02 6.77435696e-01 -4.53751534e-02 6.52893960e-01
      -4.38913554e-02 6.52898431e-01 -2.17132904e-02 6.58603072e-01
      -1.27512133e-02 6.61141694e-01</contour2d>
    <histogram type_id="opencv-matrix">
      <rows>20</rows>
      <cols>1</cols>
      <dt>f</dt>
      <data>
        8.50159395e-03 4.58554715e-01 5.18065870e-01 0. 0. 0.
        5.31349622e-04 0. 0. 0. 0. 1.59404892e-03 1.06269924e-03 0. 0.
        1.06269924e-03 0. 0. 0. 1.06269922e-02</data></histogram></_>
  <_><id>2</id>
    <height>4.3831050395965576e-02</height>
    <contour2d>
      1.22660324e-01 6.77779436e-01 1.21093616e-01 6.81784153e-01
      1.04951560e-01 6.96703732e-01 9.72098261e-02 6.97957635e-01
      9.56979617e-02 6.97953105e-01 4.72471118e-02 6.90311253e-01
      2.74396706e-02 6.72208369e-01 2.71624457e-02 6.54678106e-01
      2.72344705e-02 6.54391110e-01 4.17017862e-02 6.43397868e-01
      5.75959310e-02 6.33874059e-01 6.00912571e-02 6.33098245e-01
      6.90636560e-02 6.33519292e-01 7.63464049e-02 6.34512365e-01
      9.27960575e-02 6.38559699e-01 9.71472263e-02 6.41497612e-01
      1.09913602e-01 6.52260303e-01 1.11704618e-01 6.54644608e-01
      1.14943996e-01 6.60004139e-01 1.18369177e-01 6.66091800e-01
      1.22690558e-01 6.75774813e-01</contour2d>
    <histogram type_id="opencv-matrix">
      <rows>20</rows>
      <cols>1</cols>
      <dt>f</dt>
      <data>
        1.95790501e-03 2.56485552e-01 7.17082739e-01 2.93685752e-03
        4.89476253e-04 0. 0. 0. 4.89476253e-04 4.89476253e-04 0.
        4.89476253e-04 0. 9.78952507e-04 0. 0. 0. 0. 0. 1.86000969e-02</data></histogram></_>
  <_><id>3</id>
    <height>4.6777129173278809e-02</height>
    <contour2d>
      2.73001231e-02 5.14674723e-01 3.00819241e-02 5.21385849e-01
      3.00997756e-02 5.25435448e-01 2.52155438e-02 5.44250131e-01
      2.16358304e-02 5.56344867e-01 1.61808096e-02 5.59431970e-01
      -2.63195820e-02 5.77368677e-01 -4.92472500e-02 5.71819127e-01
      -5.05864993e-02 5.70914865e-01 -5.41965365e-02 5.60119808e-01
      -5.52867316e-02 5.54895520e-01 -5.48933782e-02 5.45802593e-01
      -5.23384884e-02 5.41254461e-01 -3.98784764e-02 5.24036646e-01
      -2.26759613e-02 5.08805513e-01 -1.62521768e-02 5.04751742e-01
      -1.01084448e-03 4.99058485e-01 1.49375573e-03 4.98479187e-01
      2.75863707e-03 4.98482943e-01 1.31851006e-02 5.03472388e-01</contour2d>
    <histogram type_id="opencv-matrix">
      <rows>20</rows>
      <cols>1</cols>
      <dt>f</dt>
      <data>
        5.83791221e-03 2.90178567e-01 6.91277504e-01 7.21153850e-03
        1.03021984e-03 0. 0. 0. 0. 0. 0. 3.43406602e-04 3.43406602e-04
        3.43406602e-04 0. 3.43406602e-04 0. 0. 0. 3.09065939e-03</data></histogram></_>
  <_><id>4</id>
    <height>4.2284488677978516e-02</height>
    <contour2d>
      -2.55410939e-01 6.90901637e-01 -2.48676881e-01 7.04151273e-01
      -2.41189376e-01 7.25469708e-01 -2.41470516e-01 7.27259755e-01
      -2.42547765e-01 7.31284738e-01 -2.68062979e-01 7.55065918e-01
      -2.71858752e-01 7.57653832e-01 -2.77572513e-01 7.61012077e-01
      -3.29802752e-01 7.55681872e-01 -3.31596434e-01 7.44279504e-01
      -3.31580490e-01 7.43219852e-01 -3.30779880e-01 7.37483978e-01
      -3.27614397e-01 7.27128744e-01 -3.15563411e-01 7.06177235e-01
      -3.12398612e-01 7.01050401e-01 -3.09774756e-01 6.97852254e-01
      -2.97063947e-01 6.87594533e-01 -2.72717267e-01 6.86193585e-01</contour2d>
    <histogram type_id="opencv-matrix">
      <rows>20</rows>
      <cols>1</cols>
      <dt>f</dt>
      <data>
        2.82167038e-03 7.22347647e-02 8.87697518e-01 1.41083524e-02
        1.69300230e-03 1.12866820e-03 0. 1.12866820e-03 1.12866820e-03
        1.12866820e-03 2.82167038e-03 3.95033881e-03 0. 0. 0. 0. 0. 0.
        1.69300230e-03 8.46501160e-03</data></histogram></_>
  <_><id>5</id>
    <height>4.9813568592071533e-02</height>
    <contour2d>
      -2.60960981e-02 8.99269104e-01 -2.43385918e-02 9.05803144e-01
      -2.44937036e-02 9.17666435e-01 -3.20095643e-02 9.27065969e-01
      -3.75971869e-02 9.31500912e-01 -7.93051720e-02 9.59810257e-01
      -9.57361311e-02 9.54230785e-01 -1.01284087e-01 9.51736391e-01
      -1.14167020e-01 9.41786587e-01 -1.13977104e-01 9.34754372e-01
      -1.12138182e-01 9.25275445e-01 -1.11286059e-01 9.23145056e-01
      -1.03894979e-01 9.12532210e-01 -1.01791263e-01 9.10075843e-01
      -9.17436630e-02 9.01075959e-01 -8.43307674e-02 8.96642864e-01
      -6.77732527e-02 8.93033266e-01 -4.24404517e-02 8.93143952e-01</contour2d>
    <histogram type_id="opencv-matrix">
      <rows>20</rows>
      <cols>1</cols>
      <dt>f</dt>
      <data>
        2.21565738e-03 2.40029544e-01 7.29689777e-01 5.16986707e-03 0.
        0. 0. 0. 0. 0. 0. 0. 1.47710484e-03 0. 0. 0. 0. 0. 0.
        2.14180201e-02</data></histogram></_>
  <_><id>6</id>
    <height>4.3971478939056396e-02</height>
    <contour2d>
      1.44237846e-01 7.94232547e-01 1.42563432e-01 7.95330763e-01
      1.19702481e-01 8.05357933e-01 9.49023068e-02 7.93607712e-01
      8.66437107e-02 7.88431525e-01 7.16446340e-02 7.74394870e-01
      6.80988953e-02 7.63734460e-01 6.80321828e-02 7.60812819e-01
      7.20107704e-02 7.42555022e-01 7.65534267e-02 7.36072779e-01
      9.12854970e-02 7.25539625e-01 9.99557525e-02 7.23973393e-01
      1.01544343e-01 7.23978162e-01 1.23887844e-01 7.29010880e-01
      1.43463224e-01 7.59739518e-01 1.44856721e-01 7.62238562e-01
      1.46624714e-01 7.66256094e-01 1.47774816e-01 7.71226943e-01</contour2d>
    <histogram type_id="opencv-matrix">
      <rows>20</rows>
      <cols>1</cols>
      <dt>f</dt>
      <data>
        2.45549413e-03 2.86678940e-01 6.82627380e-01 9.82197654e-03 0.
        0. 0. 0. 0. 0. 0. 0. 6.13873533e-04 2.45549413e-03 0. 0.
        6.13873533e-04 0. 0. 1.47329643e-02</data></histogram></_>
  <_><id>7</id>
    <height>4.3766975402832031e-02</height>
    <contour2d>
      2.44021788e-01 5.90816319e-01 2.24670053e-01 5.98983765e-01
      2.18110546e-01 6.00555718e-01 1.86776146e-01 6.03605270e-01
      1.85389638e-01 6.03601098e-01 1.78471029e-01 6.02657676e-01
      1.66210741e-01 5.93746245e-01 1.55872136e-01 5.81266761e-01
      1.53377354e-01 5.74363232e-01 1.53402686e-01 5.65972626e-01
      1.56301871e-01 5.50049603e-01 1.72512680e-01 5.38118243e-01
      1.79963037e-01 5.35149038e-01 1.81289673e-01 5.35153031e-01
      1.84227809e-01 5.35772324e-01 1.95829317e-01 5.38727939e-01
      2.16651112e-01 5.45069516e-01 2.29600161e-01 5.52315116e-01
      2.31272802e-01 5.53840756e-01 2.43433073e-01 5.74132502e-01
      2.44672224e-01 5.82294464e-01</contour2d>
    <histogram type_id="opencv-matrix">
      <rows>20</rows>
      <cols>1</cols>
      <dt>f</dt>
      <data>
        6.49598800e-03 3.02636623e-01 6.68704629e-01 8.40657298e-03
        1.91058475e-03 0. 3.82116938e-04 0. 0. 0. 0. 1.52846775e-03
        7.64233875e-04 3.82116938e-04 0. 0. 0. 0. 1.52846775e-03
        7.26022199e-03</data></histogram></_>
  <_><id>8</id>
    <height>4.3406307697296143e-02</height>
    <contour2d>
      -5.12907319e-02 7.92404652e-01 -5.30385822e-02 7.95065999e-01
      -5.80396317e-02 7.97254980e-01 -6.13515265e-02 7.97245085e-01
      -8.21058154e-02 7.90713191e-01 -9.95276123e-02 7.80226290e-01
      -1.15416363e-01 7.68900871e-01 -1.20116502e-01 7.64882147e-01
      -1.21584713e-01 7.61957526e-01 -1.22620046e-01 7.52467513e-01
