<?xml version="1.0"?>
<opencv_storage>
<obj>
  <_><id>1</id>
    <height>1.7715936899185181e-01</height>
    <contour2d>
      -1.52651712e-01 6.47423923e-01 -1.54153809e-01 6.49379253e-01
      -1.71562165e-01 6.66705966e-01 -1.75692379e-01 6.68373704e-01
      -1.99839666e-01 6.74838781e-01 -2.01153204e-01 6.74834847e-01
      -2.10895121e-01 6.62422478e-01 -2.12147370e-01 6.59841299e-01
      -2.18597725e-01 6.44952714e-01 -2.18583196e-01 6.43988967e-01
      -2.16409907e-01 6.31708145e-01 -1.87616631e-01 6.21242464e-01
      -1.80207789e-01 6.20645583e-01 -1.78776383e-01 6.20649874e-01
      -1.74612835e-01 6.23313606e-01 -1.53961867e-01 6.39717698e-01
      -1.53637171e-01 6.40228510e-01 -1.52607426e-01 6.44484222e-01</contour2d>
    <histogram type_id="opencv-matrix">
      <rows>20</rows>
      <cols>1</cols>
      <dt>f</dt>
      <data>
        5.00710011e-01 6.24822499e-03 5.68020449e-04 0. 0. 0. 0. 0. 0.
        0. 2.84010224e-04 8.52030702e-04 4.82817367e-03 3.69213289e-03
        2.27208179e-03 7.10025569e-03 2.32888386e-02 4.08690721e-01 0.
        4.14654911e-02</data></histogram></_>
  <_><id>2</id>
    <height>1.7688381671905518e-01</height>
    <contour2d>
      -5.52909970e-02 6.38210595e-01 -6.03005216e-02 6.51224613e-01
      -7.03417063e-02 6.65329099e-01 -9.15200561e-02 6.71124160e-01
      -9.81334150e-02 6.71054780e-01 -1.18447706e-01 6.40270770e-01
      -1.18432969e-01 6.39293373e-01 -1.17340341e-01 6.36995137e-01
      -1.01042762e-01 6.21878922e-01 -9.93822068e-02 6.20540977e-01
      -9.74623412e-02 6.20058179e-01 -9.33179408e-02 6.19503498e-01
      -7.76719749e-02 6.19643629e-01 -7.05514401e-02 6.23226404e-01
      -5.73824868e-02 6.35996401e-01</contour2d>
    <histogram type_id="opencv-matrix">
      <rows>20</rows>
      <cols>1</cols>
      <dt>f</dt>
      <data>
        3.76546860e-01 5.89275220e-03 5.89275209e-04 0. 0. 0. 0. 0. 0.
        0. 0. 0. 0. 0. 3.24101374e-03 5.00883907e-03 1.56157929e-02
        5.74543357e-01 0. 1.85621697e-02</data></histogram></_>
  <_><id>3</id>
    <height>1.7602002620697021e-01</height>
    <contour2d>
      2.61678956e-02 6.58435941e-01 6.30196743e-03 6.74692988e-01
      -8.13196879e-03 6.76393092e-01 -9.41631664e-03 6.76337302e-01
      -2.37736590e-02 6.69692755e-01 -3.62486206e-02 6.54173195e-01
      -3.92700955e-02 6.44928157e-01 -2.57783458e-02 6.32264495e-01
      -2.13944726e-02 6.28758550e-01 -1.70175005e-02 6.25887871e-01
      -1.41581297e-02 6.24817133e-01 1.81244314e-03 6.27301991e-01
      5.97434677e-03 6.28433704e-01 1.03189945e-02 6.30090654e-01
      1.19453520e-02 6.30906165e-01 2.08372027e-02 6.38230979e-01
      2.49556005e-02 6.51135266e-01 2.60686278e-02 6.56038105e-01</contour2d>
    <histogram type_id="opencv-matrix">
      <rows>20</rows>
      <cols>1</cols>
      <dt>f</dt>
      <data>
        4.37047780e-01 5.20984083e-03 5.78871230e-04 2.89435615e-04 0.
        0. 0. 0. 0. 0. 0. 0. 5.78871230e-04 2.89435615e-04
        5.78871230e-04 8.68306844e-04 2.31548492e-03 5.27351677e-01 0.
        2.48914622e-02</data></histogram></_>
  <_><id>4</id>
    <height>1.7887663841247559e-01</height>
    <contour2d>
      1.81713272e-02 7.70456791e-01 1.24660190e-02 7.74098635e-01
      -4.07468155e-02 7.72300720e-01 -4.50967997e-02 7.67394423e-01
      -5.07649258e-02 7.59614229e-01 -5.07504717e-02 7.58655548e-01
      -4.33258116e-02 7.45376825e-01 -2.17131395e-02 7.37281799e-01
      -1.32746454e-02 7.34982014e-01 -6.34257123e-03 7.36207128e-01
      -3.33305821e-03 7.37438798e-01 8.65040347e-03 7.43237734e-01
      1.52626131e-02 7.50030637e-01 1.67526100e-02 7.53639221e-01</contour2d>
    <histogram type_id="opencv-matrix">
      <rows>20</rows>
      <cols>1</cols>
      <dt>f</dt>
      <data>
        5.08247018e-01 3.45224398e-03 3.83582665e-04 0. 0. 0. 0. 0. 0.
        0. 0. 1.53433066e-03 1.15074799e-03 2.68507865e-03
        3.45224398e-03 8.05523619e-03 1.99462995e-02 3.76678169e-01
        3.83582665e-04 7.40314573e-02</data></histogram></_>
  <_><id>5</id>
    <height>1.7626184225082397e-01</height>
    <contour2d>
      -9.30600539e-02 7.65692532e-01 -9.32828113e-02 7.69340754e-01
      -9.63364393e-02 7.79006302e-01 -9.78048891e-02 7.79969335e-01
      -9.92587507e-02 7.79964983e-01 -1.59275115e-01 7.66767681e-01
      -1.58302829e-01 7.58640587e-01 -1.55195862e-01 7.53977835e-01
      -1.42388538e-01 7.45312452e-01 -1.40808061e-01 7.44467616e-01
      -1.34959206e-01 7.41753042e-01 -1.27726883e-01 7.39987612e-01
      -1.25043020e-01 7.40841508e-01 -1.09587237e-01 7.49968290e-01
      -1.00572601e-01 7.56242871e-01 -9.37640890e-02 7.61699319e-01</contour2d>
    <histogram type_id="opencv-matrix">
      <rows>20</rows>
      <cols>1</cols>
      <dt>f</dt>
      <data>
        5.28324664e-01 2.81237438e-03 0. 0. 0. 0. 0. 0. 0. 0. 0.
        1.60707114e-03 3.61591019e-03 6.42828457e-03 1.00441948e-02
        6.83005247e-03 2.08919253e-02 3.64001602e-01 0. 5.54439537e-02</data></histogram></_>
  <_><id>6</id>
    <height>1.7487108707427979e-01</height>
    <contour2d>
      -1.59734547e-01 7.80189693e-01 -1.61621213e-01 7.84862816e-01
      -1.64711803e-01 7.86754608e-01 -1.68955296e-01 7.87821174e-01
      -1.71519905e-01 7.88081408e-01 -2.19585210e-01 7.76925981e-01
      -2.25475550e-01 7.73799062e-01 -2.26358682e-01 7.66891360e-01
      -2.26314455e-01 7.63955474e-01 -2.24302858e-01 7.61298656e-01
      -2.06773162e-01 7.56052494e-01 -1.96545184e-01 7.54907727e-01
      -1.88787431e-01 7.54518867e-01 -1.79673076e-01 7.58905709e-01
      -1.75747424e-01 7.61358380e-01 -1.59525782e-01 7.77364790e-01</contour2d>
    <histogram type_id="opencv-matrix">
      <rows>20</rows>
      <cols>1</cols>
      <dt>f</dt>
      <data>
        7.14776635e-01 7.25467736e-03 7.63650227e-04 0. 0. 0. 0. 0. 0.
        3.81825113e-04 2.67277588e-03 4.58190124e-03 4.96372627e-03
        7.63650239e-03 4.20007622e-03 9.54562798e-03 1.33638792e-02
        1.83657885e-01 3.81825113e-04 4.58190143e-02</data></histogram></_>
  <_><id>7</id>
    <height>1.8398559093475342e-01</height>
    <contour2d>
      -1.89981222e-01 6.80066347e-01 -1.91397339e-01 6.88472390e-01
      -1.94092155e-01 6.96188688e-01 -1.98173061e-01 6.96176469e-01
      -2.57080466e-01 6.82213426e-01 -2.57067174e-01 6.81331873e-01
      -2.53004044e-01 6.71300530e-01 -2.51988560e-01 6.69499636e-01
      -2.42157534e-01 6.62932754e-01 -2.40536496e-01 6.62129164e-01
      -2.26445198e-01 6.57412231e-01 -2.19498143e-01 6.57603920e-01
      -2.09076196e-01 6.59870625e-01 -1.98473558e-01 6.65548444e-01
      -1.90823540e-01 6.77557886e-01</contour2d>
    <histogram type_id="opencv-matrix">
      <rows>20</rows>
      <cols>1</cols>
      <dt>f</dt>
      <data>
        4.94657010e-01 1.44777661e-02 3.44708707e-04 0. 0. 0. 0.
        3.44708707e-04 0. 0. 3.44708707e-04 5.17063076e-03
        8.96242633e-03 1.48224747e-02 7.23888306e-03 1.06859701e-02
        2.61978619e-02 3.74698371e-01 3.44708707e-04 4.17097546e-02</data></histogram></_>
  <_><id>8</id>
    <height>1.7806863784790039e-01</height>
    <contour2d>
      -1.88908011e-01 9.08600628e-01 -1.92710310e-01 9.18409407e-01
      -2.35844582e-01 9.40748334e-01 -2.37528592e-01 9.40743327e-01
      -2.52436668e-01 9.16047037e-01 -2.54667014e-01 9.09054697e-01
      -2.55105257e-01 9.07137811e-01 -2.55301476e-01 9.01357830e-01
      -2.48408407e-01 8.96961272e-01 -2.37269700e-01 8.90841603e-01
      -2.22734123e-01 8.84877205e-01 -2.19546646e-01 8.85165751e-01
      -2.16684669e-01 8.86141181e-01 -2.04417408e-01 8.91701102e-01
      -2.01326489e-01 8.93875062e-01</contour2d>
    <histogram type_id="opencv-matrix">
      <rows>20</rows>
      <cols>1</cols>
      <dt>f</dt>
      <data>
        4.82299060e-01 1.45772593e-02 2.49895873e-03 1.24947936e-03 0.
        0. 0. 0. 0. 0. 0. 2.91545200e-03 3.74843809e-03 3.74843809e-03
        3.74843809e-03 4.58142441e-03 2.37401091e-02 4.25239474e-01
        1.24947936e-03 3.04039977e-02</data></histogram></_>
