<?xml version="1.0"?>
<opencv_storage>
<obj>
  <_><id>1</id>
    <height>9.0421378612518311e-02</height>
    <contour2d>
      -1.32628217e-01 6.47192657e-01 -1.32700428e-01 6.51986301e-01
      -1.33027196e-01 6.55337870e-01 -1.36128142e-01 6.70941353e-01
      -1.43294156e-01 6.81526721e-01 -1.52022570e-01 6.91238225e-01
      -1.77985281e-01 6.93078279e-01 -1.80655360e-01 6.92301691e-01
      -1.83303550e-01 6.90568864e-01 -1.89098567e-01 6.83101058e-01
      -1.95645869e-01 6.73983693e-01 -1.97402835e-01 6.57780647e-01
      -1.92288324e-01 6.47994280e-01 -1.89396501e-01 6.43374562e-01
      -1.84294164e-01 6.37437761e-01 -1.82602331e-01 6.35783970e-01
      -1.79657444e-01 6.34817779e-01 -1.76148564e-01 6.34726405e-01
      -1.57030672e-01 6.36705041e-01 -1.37287274e-01 6.42744005e-01</contour2d>
    <histogram type_id="opencv-matrix">
      <rows>20</rows>
      <cols>1</cols>
      <dt>f</dt>
      <data>
        6.63716812e-03 9.07079652e-02 5.29867232e-01 1.10619470e-01
        1.76991150e-02 1.65929203e-03 1.10619469e-03 1.65929203e-03
        1.65929203e-03 3.87168140e-03 5.53097343e-03 1.76991150e-02
        7.74336280e-03 3.31858406e-03 1.10619469e-03 5.53097343e-04
        5.53097343e-04 5.53097343e-04 6.08407073e-02 1.36615038e-01</data></histogram></_>
  <_><id>2</id>
    <height>9.4383835792541504e-02</height>
    <contour2d>
      -6.27096146e-02 7.56734550e-01 -6.11627400e-02 7.62319803e-01
      -6.12775646e-02 7.67335236e-01 -6.89730942e-02 7.84854949e-01
      -7.24861473e-02 7.92067826e-01 -8.05132240e-02 7.96020687e-01
      -1.13852829e-01 7.95685351e-01 -1.25699788e-01 7.86542654e-01
      -1.25055641e-01 7.64264703e-01 -1.24438018e-01 7.62291312e-01
      -1.21869192e-01 7.58093953e-01 -1.20464489e-01 7.56444097e-01
      -1.09695062e-01 7.47136533e-01 -1.09120861e-01 7.46897161e-01
      -9.41267759e-02 7.43770361e-01 -9.05009806e-02 7.43430853e-01
      -8.80606771e-02 7.43635774e-01 -6.63738400e-02 7.53066599e-01</contour2d>
    <histogram type_id="opencv-matrix">
      <rows>20</rows>
      <cols>1</cols>
      <dt>f</dt>
      <data>
        1.68895144e-02 1.75932437e-01 4.03237134e-01 9.35960561e-02
        1.54820541e-02 7.03729736e-03 3.51864868e-03 4.22237860e-03
        3.51864868e-03 3.51864868e-03 1.05559463e-02 1.54820541e-02
        1.47783244e-02 7.03729736e-03 2.11118930e-03 1.40745949e-03
        2.81491899e-03 2.81491899e-03 5.84095679e-02 1.57635465e-01</data></histogram></_>
  <_><id>3</id>
    <height>8.9602291584014893e-02</height>
    <contour2d>
      -1.40495211e-01 8.73470366e-01 -1.40513182e-01 8.74663174e-01
      -1.42579332e-01 8.85017037e-01 -1.45000860e-01 8.96088243e-01
      -1.48072019e-01 9.06756341e-01 -1.50253266e-01 9.10511255e-01
      -1.58309445e-01 9.18903053e-01 -1.69689775e-01 9.25573409e-01
      -1.73222467e-01 9.25562859e-01 -2.04172954e-01 8.97939205e-01
      -2.02852786e-01 8.80028248e-01 -2.01031193e-01 8.75371754e-01
      -1.97907031e-01 8.68434548e-01 -1.75772995e-01 8.65842760e-01
      -1.74088985e-01 8.65847826e-01 -1.59025922e-01 8.66967440e-01
      -1.41898677e-01 8.71048272e-01</contour2d>
    <histogram type_id="opencv-matrix">
      <rows>20</rows>
      <cols>1</cols>
      <dt>f</dt>
      <data>
        9.53895040e-03 1.27980918e-01 5.50079525e-01 7.31319562e-02
        2.06677262e-02 3.17965029e-03 3.17965029e-03 1.58982514e-03
        2.38473760e-03 6.35930058e-03 5.56438789e-03 7.94912595e-03
        1.03338631e-02 1.58982514e-03 1.58982514e-03 0. 7.94912572e-04
        4.76947520e-03 6.99523091e-02 9.93640721e-02</data></histogram></_>
  <_><id>4</id>
    <height>9.4135940074920654e-02</height>
    <contour2d>
      -2.29208365e-01 8.00352931e-01 -2.40080103e-01 8.17025900e-01
      -2.45482713e-01 8.20823193e-01 -2.55709648e-01 8.20297658e-01
      -2.73830742e-01 8.13014627e-01 -2.75133967e-01 8.12179923e-01
      -2.89668918e-01 7.85715222e-01 -2.89652735e-01 7.84640729e-01
      -2.87363797e-01 7.79846787e-01 -2.84841478e-01 7.76424050e-01
      -2.82894045e-01 7.74571776e-01 -2.78928190e-01 7.71740198e-01
      -2.74278075e-01 7.69403040e-01 -2.55561262e-01 7.69044876e-01
      -2.46783778e-01 7.74211884e-01 -2.43549541e-01 7.76395559e-01
      -2.29883328e-01 7.87147105e-01 -2.27645352e-01 7.90888190e-01</contour2d>
    <histogram type_id="opencv-matrix">
      <rows>20</rows>
      <cols>1</cols>
      <dt>f</dt>
      <data>
        6.83060091e-04 1.18169397e-01 5.20491779e-01 8.87978151e-02
        6.83060102e-03 2.04918021e-03 2.04918021e-03 6.83060091e-04
        2.04918021e-03 6.14754064e-03 1.02459015e-02 7.51366094e-03
        6.14754064e-03 2.04918021e-03 0. 0. 0. 0. 1.18169397e-01
        1.07923493e-01</data></histogram></_>
  <_><id>5</id>
    <height>8.9428007602691650e-02</height>
    <contour2d>
      -1.81433693e-01 6.67229295e-01 -1.83910817e-01 6.87032223e-01
      -1.93108335e-01 6.96293294e-01 -2.14197800e-01 7.05105603e-01
      -2.32162923e-01 7.04868317e-01 -2.36249313e-01 7.04079926e-01
      -2.44315580e-01 6.97678447e-01 -2.44461000e-01 6.65733099e-01
      -2.43827477e-01 6.61404908e-01 -2.43470788e-01 6.60288215e-01
      -2.40151554e-01 6.55438364e-01 -2.39595205e-01 6.54981136e-01
      -2.23020688e-01 6.48784816e-01 -2.08452731e-01 6.46275520e-01
      -2.05533773e-01 6.46284342e-01 -2.03850433e-01 6.46560550e-01
      -1.93131387e-01 6.55121326e-01</contour2d>
    <histogram type_id="opencv-matrix">
      <rows>20</rows>
      <cols>1</cols>
      <dt>f</dt>
      <data>
        6.86106365e-03 1.10920526e-01 4.61406529e-01 5.88907935e-02
        9.14808456e-03 3.43053183e-03 1.14351057e-03 2.28702114e-03
        4.00228705e-03 5.71755285e-04 6.28930796e-03 6.86106365e-03
        5.71755285e-04 3.43053183e-03 0. 1.14351057e-03 1.71526591e-03
        1.14351057e-03 6.86106309e-02 2.51572311e-01</data></histogram></_>
  <_><id>6</id>
    <height>9.1094970703125000e-02</height>
    <contour2d>
      3.01382244e-02 6.05657220e-01 3.17589343e-02 6.13663793e-01
      2.59169303e-02 6.35118008e-01 9.76732560e-03 6.44772887e-01
      -9.38645471e-03 6.54698968e-01 -1.07823145e-02 6.54694796e-01
      -2.85421796e-02 6.33316875e-01 -3.11402939e-02 6.26607895e-01
      -3.09509076e-02 6.16894245e-01 -2.82020103e-02 6.08046174e-01
      -2.24416573e-02 5.96370697e-01 -1.96999237e-02 5.91850638e-01
      -1.69879422e-02 5.90335548e-01 -1.76294148e-03 5.86420774e-01
      1.40416101e-02 5.89192152e-01 2.13009045e-02 5.92471719e-01
      2.40905434e-02 5.94355285e-01</contour2d>
    <histogram type_id="opencv-matrix">
      <rows>20</rows>
      <cols>1</cols>
      <dt>f</dt>
      <data>
        6.77436125e-03 1.67795718e-01 4.09067214e-01 1.30797282e-01
        2.70974450e-02 8.33767559e-03 7.29546603e-03 3.12662823e-03
        2.60552368e-03 2.60552368e-03 3.12662823e-03 4.68994258e-03
        7.29546603e-03 2.08441890e-03 0. 5.21104725e-04 5.21104725e-04
        1.56331412e-03 8.38978589e-02 1.30797282e-01</data></histogram></_>
  <_><id>7</id>
    <height>9.0745151042938232e-02</height>
    <contour2d>
      1.23267770e-01 6.64783180e-01 1.22213855e-01 6.67213798e-01
      1.14003882e-01 6.73403144e-01 1.08483091e-01 6.75085306e-01
      8.81363750e-02 6.75583541e-01 7.09396675e-02 6.73075795e-01
      5.41512370e-02 6.61383450e-01 5.39031178e-02 6.57296300e-01
      6.27069548e-02 6.37536526e-01 7.15276673e-02 6.28164172e-01
      7.84025416e-02 6.25075102e-01 8.45439062e-02 6.24366939e-01
      9.89648625e-02 6.23393476e-01 1.04018331e-01 6.23766661e-01
      1.10617027e-01 6.26375198e-01 1.13672450e-01 6.28027081e-01
      1.17358565e-01 6.32014036e-01 1.19133323e-01 6.34359658e-01
      1.20344624e-01 6.36530757e-01</contour2d>
    <histogram type_id="opencv-matrix">
      <rows>20</rows>
      <cols>1</cols>
      <dt>f</dt>
      <data>
        1.54867256e-02 2.14601770e-01 3.83849561e-01 1.11725666e-01
        2.21238937e-02 6.63716812e-03 3.87168140e-03 2.21238937e-03
