# oST version 5.0 parameters


[image]

width
640

height
480

[narrow_stereo]

camera matrix
210.432781 0.000000 320.022434
0.000000 210.985518 266.738278
0.000000 0.000000 1.000000

distortion
-0.114265 0.009432 0.000015 0.000654 0.000000

rectification
1.000000 0.000000 0.000000
0.000000 1.000000 0.000000
0.000000 0.000000 1.000000

projection
146.525513 0.000000 321.399317 0.000000
0.000000 168.597931 281.951080 0.000000
0.000000 0.000000 1.000000 0.000000

