<?xml version="1.0"?>
<opencv_storage>
<roi_corners>
  282 156 530 358</roi_corners>
<keypoints>
  <_>
    3.8026889038085938e+02 2.1022001647949219e+02 173.
    1.9020513534545898e+01 3.8981918945312500e+03 3 -1</_>
  <_>
    4.2012145996093750e+02 2.8052752685546875e+02 127.
    2.4502005004882812e+02 3.1176564941406250e+03 3 1</_>
  <_>
    3.2673367309570312e+02 2.7449453735351562e+02 93.
    3.4562759399414062e+02 2.2128952636718750e+03 2 -1</_>
  <_>
    3.3912667846679688e+02 2.8130932617187500e+02 142.
    3.3534777832031250e+02 2.0839291992187500e+03 3 -1</_>
  <_>
    3.1937936401367188e+02 2.5464981079101562e+02 21.
    6.0757961273193359e+01 1.4566672363281250e+03 0 1</_>
  <_>
    3.2032849121093750e+02 2.5223915100097656e+02 27.
    5.8559768676757812e+01 1.3993457031250000e+03 0 1</_>
  <_>
    4.0189590454101562e+02 1.8015602111816406e+02 32.
    1.2392153167724609e+02 1.2539946289062500e+03 1 1</_>
  <_>
    3.2088668823242188e+02 2.5134973144531250e+02 30.
    5.9526737213134766e+01 1.2029163818359375e+03 1 1</_>
  <_>
    4.6447375488281250e+02 2.2572935485839844e+02 134.
    1.2314450836181641e+02 1.1108856201171875e+03 3 -1</_>
  <_>
    3.6196890258789062e+02 3.2681869506835938e+02 18.
    1.3209262084960938e+02 1.1068289794921875e+03 0 1</_>
  <_>
    3.3964831542968750e+02 2.3816819763183594e+02 33.
    2.2260978698730469e+01 1.1031259765625000e+03 1 1</_>
  <_>
    4.0632635498046875e+02 1.8044953918457031e+02 41.
    1.2332434082031250e+02 1.0925020751953125e+03 1 1</_>
  <_>
    4.3427835083007812e+02 1.9050901794433594e+02 55.
    1.0042660522460938e+02 9.4836096191406250e+02 1 1</_>
  <_>
    3.2772671508789062e+02 2.2973803710937500e+02 85.
    2.8930819034576416e+00 9.1580285644531250e+02 2 1</_>
  <_>
    3.3975439453125000e+02 2.0678346252441406e+02 32.
    3.5595468139648438e+02 9.0099841308593750e+02 1 1</_>
  <_>
    3.3846240234375000e+02 2.1036009216308594e+02 41.
    3.5531661987304688e+02 8.5858105468750000e+02 1 1</_>
  <_>
    4.3305874633789062e+02 1.8965580749511719e+02 62.
    1.0301226043701172e+02 8.5049310302734375e+02 2 1</_>
  <_>
    3.1703976440429688e+02 2.2389183044433594e+02 113.
    1.7001337051391602e+01 8.0590264892578125e+02 2 1</_>
  <_>
    4.5224853515625000e+02 1.9144796752929688e+02 22.
    7.3395179748535156e+01 7.5865557861328125e+02 0 1</_>
  <_>
    4.3020727539062500e+02 1.9891711425781250e+02 23.
    1.0379167938232422e+02 7.5113763427734375e+02 0 1</_>
  <_>
    4.3117602539062500e+02 1.9641462707519531e+02 33.
    1.0645898437500000e+02 7.3752868652343750e+02 1 1</_>
  <_>
    4.4829772949218750e+02 1.9070036315917969e+02 30.
    7.3902359008789062e+01 7.0765039062500000e+02 1 1</_>
  <_>
    3.1638708496093750e+02 2.2351466369628906e+02 118.
    9.4991226196289062e+00 7.0384228515625000e+02 3 1</_>
  <_>
    4.4939962768554688e+02 1.9135076904296875e+02 27.
    7.2591377258300781e+01 6.8607092285156250e+02 0 1</_>
  <_>
    4.0366763305664062e+02 3.3668426513671875e+02 84.
    2.6818872070312500e+02 6.8020520019531250e+02 2 -1</_>
  <_>
    3.2270285034179688e+02 3.0203598022460938e+02 15.
    3.3118338012695312e+02 5.6282000732421875e+02 0 -1</_>
  <_>
    3.0867404174804688e+02 2.5443791198730469e+02 14.
    3.0712645053863525e+00 5.5349438476562500e+02 0 -1</_>
  <_>
    4.5201568603515625e+02 2.7442471313476562e+02 34.
    3.0717105102539062e+02 5.1230792236328125e+02 1 1</_></keypoints>
<descriptors type_id="opencv-matrix">
  <rows>28</rows>
  <cols>64</cols>
  <dt>f</dt>
  <data>
    -4.24711546e-03 3.12959962e-03 5.00313891e-03 3.13482038e-03
    -3.26704280e-03 3.83894017e-04 7.91906565e-03 1.09971967e-02
    2.76511419e-03 -7.65585573e-04 4.09105979e-03 4.58049169e-03
    1.89868808e-02 -6.07820274e-03 1.94595847e-02 6.73920708e-03
    -7.29389414e-02 1.81560162e-02 7.50085190e-02 2.19319947e-02
    1.68963924e-01 1.78777605e-01 1.83067441e-01 2.01403737e-01
    -1.23686627e-01 3.00240040e-01 1.76658034e-01 3.16197753e-01
    4.27971035e-02 -2.09822413e-02 6.70582727e-02 2.97181346e-02
    -1.46186173e-01 3.65750641e-02 1.52952641e-01 4.13319506e-02
    3.08801025e-01 -1.18661746e-01 3.56050968e-01 2.20279858e-01
    -2.30855718e-01 -1.72120914e-01 3.02209347e-01 2.95862138e-01
    -1.77090913e-02 -9.76235885e-03 5.70965633e-02 1.51003236e-02
    -2.16382630e-02 -3.84278595e-03 2.39923317e-02 5.12242969e-03
    3.86761269e-03 -1.87994577e-02 2.14441847e-02 2.41374988e-02
    -7.14335823e-03 -6.01260066e-02 1.11044217e-02 6.11142367e-02
    2.83935049e-04 5.30771576e-05 4.23558493e-04 4.92949621e-04
    -1.44266087e-04 -1.05541643e-04 3.29064584e-04 2.35482788e-04
    2.41219811e-02 4.64398488e-02 2.53042765e-02 4.85190973e-02
    -5.51589066e-03 9.49902609e-02 2.54925862e-02 9.58276168e-02
    2.04577413e-03 -2.81006726e-03 2.82879220e-03 3.97336436e-03
    -2.55871587e-03 -5.00332972e-04 3.86667531e-03 1.99644640e-03
    1.15060687e-01 -1.59566104e-01 3.35167974e-01 2.97135442e-01
    2.38773465e-01 -9.81220528e-02 3.72372389e-01 2.42790431e-01
    -3.91829871e-02 4.74203490e-02 4.23971117e-02 5.02474457e-02
    -4.45636222e-03 2.52777012e-03 4.99528786e-03 2.55766232e-03
    1.02384865e-01 2.99864896e-02 2.47140691e-01 2.48711601e-01
    2.29123890e-01 -4.53102849e-02 4.03246880e-01 3.06199193e-01
    -3.12743448e-02 -5.47789894e-02 3.36335413e-02 5.54225594e-02
    -1.19264266e-02 2.40684729e-02 1.39523838e-02 3.03551834e-02
    -1.79528780e-02 3.93792093e-02 2.49564033e-02 4.61324826e-02
    6.37658313e-03 -3.49458754e-02 1.69219021e-02 4.63802740e-02
    6.49961221e-05 6.77135016e-04 2.32055623e-04 6.79030549e-04
    -2.30827108e-02 -7.38885580e-03 2.40095928e-02 7.74764596e-03
    -1.40303338e-03 -5.10361604e-03 4.90592979e-03 5.36700245e-03
    4.96870466e-02 1.26061458e-02 5.00109456e-02 5.98350801e-02
    -4.58468217e-03 6.77490048e-03 4.74850135e-03 7.62371812e-03
    -6.19815625e-02 -3.71440277e-02 6.99053854e-02 3.97933647e-02
    2.31738955e-01 1.52422085e-01 3.22774678e-01 1.90263823e-01
    2.09892824e-01 1.70590535e-01 2.47113451e-01 2.67360181e-01
    -6.67598983e-03 -3.53388898e-02 1.69670470e-02 4.41593193e-02
    -8.49192962e-03 -5.24878316e-03 8.56539514e-03 6.06958428e-03
    4.51898426e-01 -1.41604617e-01 4.59350228e-01 1.45701036e-01
    -1.47816524e-01 -1.16418988e-01 1.69252187e-01 1.28906786e-01
    -2.26011537e-02 -3.07324491e-02 3.09223067e-02 5.06624058e-02
    -9.18257647e-05 -8.53256570e-05 1.40279677e-04 8.59455467e-05
    5.80822024e-03 -7.58028030e-03 8.76434147e-03 8.07711203e-03
    3.45376506e-02 -5.00621833e-02 3.96511219e-02 6.05553463e-02
    -4.02008230e-03 1.07495398e-04 4.29073023e-03 6.14590989e-03
    4.03849455e-03 -5.70268730e-06 4.33976483e-03 1.14633399e-03
    -8.22658911e-02 -4.54611853e-02 8.37614313e-02 4.58843559e-02
    2.39234138e-03 7.72644440e-03 5.92194591e-03 1.17479553e-02
    -2.84290378e-04 -4.82866977e-04 5.52559504e-04 6.46944973e-04
    -9.05704573e-02 -9.43805352e-02 1.02163814e-01 1.01704411e-01
    1.17252953e-01 5.75147606e-02 3.33206952e-01 2.29813635e-01
    1.78675279e-01 1.21016368e-01 2.82886207e-01 3.61512959e-01
    -5.07540479e-02 2.57226974e-02 5.23346700e-02 4.26435061e-02
    -3.00404280e-02 -1.56163285e-02 3.01440228e-02 1.56163285e-02
    3.06154072e-01 -1.38587356e-01 3.18297058e-01 1.43651605e-01
    -1.68766677e-01 -2.15948522e-01 2.71784633e-01 3.20786059e-01
    2.58869603e-02 -3.43655869e-02 5.91179542e-02 4.09740135e-02
    -6.57509954e-04 -6.27108966e-04 7.70944112e-04 6.27108966e-04
    -5.54672617e-04 1.54371175e-03 1.02323620e-03 2.32785288e-03
    4.32049436e-03 -2.78065950e-02 8.40725470e-03 3.03165726e-02
    9.70942274e-05 -8.98853817e-04 1.72379229e-03 2.37673335e-03
    -2.28283621e-04 -1.40390248e-05 2.63502356e-04 1.25049221e-04
    1.21239130e-03 3.50642571e-04 5.32741426e-03 2.83777504e-03
    5.89832924e-02 2.21228809e-03 6.65831640e-02 9.33335908e-03
    -4.15315561e-04 5.37381507e-04 4.44743986e-04 5.60995657e-04
