<?xml version="1.0"?>
<opencv_storage>
<roi_corners>
  161 130 537 423</roi_corners>
<keypoints>
  <_>
    4.0597195434570312e+02 3.2347137451171875e+02 33.
    2.4987454223632812e+02 3.1711784667968750e+03 1 -1</_>
  <_>
    4.0751654052734375e+02 3.2331872558593750e+02 28.
    2.4486523437500000e+02 3.1386574707031250e+03 0 -1</_>
  <_>
    4.5824429321289062e+02 3.5217324829101562e+02 34.
    2.4691049194335938e+02 2.5065241699218750e+03 1 -1</_>
  <_>
    3.9817330932617188e+02 3.0662692260742188e+02 38.
    2.7117974853515625e+02 2.3483049316406250e+03 1 1</_>
  <_>
    4.5919372558593750e+02 3.5236920166015625e+02 30.
    2.4541705322265625e+02 2.3117548828125000e+03 0 -1</_>
  <_>
    4.4725927734375000e+02 2.5694140625000000e+02 32.
    2.7372500610351562e+02 2.2570461425781250e+03 1 1</_>
  <_>
    3.6662158203125000e+02 1.7387457275390625e+02 133.
    2.5639178466796875e+02 2.2548833007812500e+03 3 1</_>
  <_>
    4.1048242187500000e+02 3.5146582031250000e+02 32.
    7.1513839721679688e+01 2.2201740722656250e+03 1 -1</_>
  <_>
    4.4654974365234375e+02 2.5617218017578125e+02 28.
    2.7237707519531250e+02 2.1852836914062500e+03 0 1</_>
  <_>
    4.1076815795898438e+02 3.5144784545898438e+02 30.
    7.0381614685058594e+01 2.1372980957031250e+03 0 -1</_>
  <_>
    5.1508953857421875e+02 3.5998312377929688e+02 188.
    3.3663204956054688e+02 2.0811130371093750e+03 3 1</_>
  <_>
    4.0676828002929688e+02 3.5123590087890625e+02 23.
    6.0105888366699219e+01 1.9774543457031250e+03 0 -1</_>
  <_>
    3.7308401489257812e+02 2.4880848693847656e+02 21.
    1.2806338500976562e+02 1.9364223632812500e+03 0 1</_>
  <_>
    4.5184732055664062e+02 3.2359832763671875e+02 32.
    8.9993736267089844e+01 1.8151297607421875e+03 1 -1</_>
  <_>
    3.7667214965820312e+02 2.5029371643066406e+02 31.
    1.1928675842285156e+02 1.7666717529296875e+03 1 1</_>
  <_>
    3.7593890380859375e+02 2.4940057373046875e+02 28.
    1.2258633422851562e+02 1.6070480957031250e+03 0 1</_>
  <_>
    3.4987866210937500e+02 2.2469876098632812e+02 103.
    8.3671142578125000e+01 1.5574223632812500e+03 2 -1</_>
  <_>
    4.2873477172851562e+02 3.2979284667968750e+02 56.
    7.7238845825195312e+01 1.5058144531250000e+03 1 1</_>
  <_>
    4.2749487304687500e+02 3.2580868530273438e+02 59.
    2.5631451416015625e+02 1.4422547607421875e+03 2 1</_>
  <_>
    3.7831951904296875e+02 3.2223840332031250e+02 72.
    3.2480923461914062e+02 1.3832327880859375e+03 2 -1</_>
  <_>
    4.2566940307617188e+02 3.5435214233398438e+02 68.
    2.6672735595703125e+02 1.3543780517578125e+03 2 -1</_>
  <_>
    3.4328152465820312e+02 2.0904019165039062e+02 44.
    8.1920524597167969e+01 1.3488869628906250e+03 1 -1</_>
  <_>
    3.8396261596679688e+02 2.9807812500000000e+02 149.
    3.2315917968750000e+02 1.3086198730468750e+03 3 -1</_>
  <_>
    3.5216583251953125e+02 2.2454605102539062e+02 108.
    8.3430801391601562e+01 1.2859686279296875e+03 3 -1</_>
  <_>
    3.8523870849609375e+02 2.6721630859375000e+02 218.
    3.0958538818359375e+02 1.2643374023437500e+03 3 -1</_>
  <_>
    4.6152514648437500e+02 3.1293609619140625e+02 19.
    8.8725906372070312e+01 1.1430445556640625e+03 0 1</_>
  <_>
    4.0289526367187500e+02 2.9135189819335938e+02 27.
    2.7540478515625000e+02 1.1212977294921875e+03 0 -1</_>
  <_>
    4.0418533325195312e+02 2.9121438598632812e+02 31.
    2.7454440307617188e+02 1.1013211669921875e+03 1 -1</_>
  <_>
    2.9082415771484375e+02 2.2832431030273438e+02 22.
    1.9724731445312500e+02 1.0883780517578125e+03 0 1</_>
  <_>
    2.9321041870117188e+02 2.2851315307617188e+02 32.
    2.0371542358398438e+02 1.0507677001953125e+03 1 1</_>
  <_>
    4.8199172973632812e+02 3.2711785888671875e+02 22.
    2.3570252990722656e+02 1.0212199707031250e+03 0 -1</_>
  <_>
    2.9784088134765625e+02 2.2952185058593750e+02 42.
    2.0218859863281250e+02 1.0176659545898438e+03 1 1</_>
  <_>
    2.9281356811523438e+02 2.2872093200683594e+02 29.
    2.0200523376464844e+02 1.0161170043945312e+03 0 1</_>
  <_>
    3.9261480712890625e+02 2.4180493164062500e+02 84.
    1.0070098114013672e+02 1.0032512207031250e+03 2 1</_>
  <_>
    4.8018856811523438e+02 3.2580175781250000e+02 32.
    1.9569306945800781e+02 9.9138922119140625e+02 1 -1</_>
  <_>
    2.9908221435546875e+02 2.8267544555664062e+02 167.
    2.1412413024902344e+02 9.6492156982421875e+02 3 1</_>
  <_>
    3.3920397949218750e+02 2.3818148803710938e+02 33.
    3.0397894287109375e+02 9.5257019042968750e+02 1 -1</_>
  <_>
    3.6557061767578125e+02 2.3973545837402344e+02 23.
    1.4656884765625000e+02 9.4101873779296875e+02 0 -1</_>
  <_>
    3.8689691162109375e+02 2.6423394775390625e+02 14.
    1.6614134216308594e+02 9.1754382324218750e+02 0 -1</_>
  <_>
    3.8440551757812500e+02 2.6637460327148438e+02 22.
    1.0720147705078125e+02 8.7282061767578125e+02 0 -1</_>
  <_>
    3.8543954467773438e+02 2.6656222534179688e+02 21.
    1.1169728851318359e+02 8.6441888427734375e+02 0 -1</_>
  <_>
    2.0709445190429688e+02 2.7862014770507812e+02 20.
    1.1953451538085938e+02 8.5698345947265625e+02 0 1</_>
  <_>
    2.0376556396484375e+02 3.9469992065429688e+02 17.
    9.0175542831420898e+00 8.4953973388671875e+02 0 1</_>
  <_>
    4.2044149780273438e+02 3.2272109985351562e+02 27.
    1.9568710327148438e+02 7.8498486328125000e+02 0 1</_>
  <_>
    3.7139151000976562e+02 3.2293576049804688e+02 29.
    3.4391741943359375e+02 7.0154418945312500e+02 0 -1</_>
  <_>
    2.7582717895507812e+02 2.5262263488769531e+02 43.
    2.1952256774902344e+02 6.9112988281250000e+02 1 1</_>
  <_>
    4.4982571411132812e+02 3.4066683959960938e+02 138.
    2.4786398315429688e+02 6.8177276611328125e+02 3 -1</_>
  <_>
    3.6521069335937500e+02 1.9879092407226562e+02 23.
    8.4572799682617188e+01 6.8127148437500000e+02 0 1</_>
  <_>
    1.8907479858398438e+02 2.8069088745117188e+02 16.
    3.4067578125000000e+02 6.7469451904296875e+02 0 -1</_>
  <_>
    3.6498107910156250e+02 1.9667594909667969e+02 29.
    8.5107391357421875e+01 6.6323937988281250e+02 0 1</_>
  <_>
    3.6473052978515625e+02 1.9664053344726562e+02 33.
    8.3306877136230469e+01 6.5738720703125000e+02 1 1</_>
  <_>
    4.5492526245117188e+02 2.9199786376953125e+02 16.
    1.8893556213378906e+02 6.5432446289062500e+02 0 1</_>
  <_>
    4.0747009277343750e+02 2.8719384765625000e+02 42.
    2.7427124023437500e+02 6.5427453613281250e+02 1 -1</_>
  <_>
    4.6203546142578125e+02 3.3869302368164062e+02 136.
    2.3915591430664062e+02 6.2585772705078125e+02 3 -1</_>
  <_>
    4.4735565185546875e+02 2.9628808593750000e+02 21.
    1.9986303710937500e+02 6.0854388427734375e+02 0 -1</_>
  <_>
    1.7801704406738281e+02 2.7647592163085938e+02 29.
    2.5834890747070312e+02 5.9912060546875000e+02 1 1</_>
  <_>
    2.6205233764648438e+02 1.8790908813476562e+02 16.
    3.5959103393554688e+02 5.9377661132812500e+02 0 1</_>
  <_>
    1.7250363159179688e+02 3.4234814453125000e+02 20.
    2.0037341308593750e+02 5.7991528320312500e+02 0 1</_>
  <_>
    2.7688793945312500e+02 2.2149003601074219e+02 85.
    2.1259793090820312e+02 5.7703173828125000e+02 2 -1</_>
  <_>
    1.7808276367187500e+02 2.7631665039062500e+02 27.
    2.6033718872070312e+02 5.7583502197265625e+02 0 1</_>
  <_>
    1.7561941528320312e+02 2.7614505004882812e+02 22.
    2.6583868408203125e+02 5.7052130126953125e+02 0 1</_>
  <_>
    3.9886434936523438e+02 2.0620666503906250e+02 59.
    8.7429130554199219e+01 5.6934313964843750e+02 2 -1</_>
  <_>
    2.1466160583496094e+02 4.1413720703125000e+02 20.
    3.1472564697265625e+02 5.6306079101562500e+02 0 1</_>
  <_>
    4.5785174560546875e+02 3.0547576904296875e+02 41.
    2.3566006469726562e+02 5.5999981689453125e+02 1 1</_>
  <_>
    4.5055789184570312e+02 2.3611470031738281e+02 57.
    2.7773394775390625e+02 5.2546197509765625e+02 1 -1</_>
  <_>
    4.4474005126953125e+02 2.9429510498046875e+02 31.
    2.4762731933593750e+02 5.1766802978515625e+02 1 -1</_>
  <_>
    4.0752212524414062e+02 3.6382669067382812e+02 22.
