<?xml version="1.0"?>
<opencv_storage>
<obj>
  <_><id>1</id>
    <height>3.2393515110015869e-02</height>
    <contour2d>
      2.14318447e-02 8.54512691e-01 1.99612118e-02 8.64483416e-01
      1.65777430e-02 8.72060418e-01 2.51713395e-03 8.87667835e-01
      -9.93339159e-03 8.96620631e-01 -3.34250554e-02 9.03091371e-01
      -4.07018960e-02 9.04728711e-01 -4.25131470e-02 9.04723287e-01
      -5.15347756e-02 9.03866649e-01 -5.51151596e-02 9.03026283e-01
      -7.45310485e-02 8.93578470e-01 -9.13419127e-02 8.74546170e-01
      -9.59345996e-02 8.64491343e-01 -9.72301513e-02 8.58096838e-01
      -9.84899253e-02 8.50571930e-01 -9.84725058e-02 8.49416494e-01
      -8.40323418e-02 8.03796232e-01 -7.93877542e-02 7.92316079e-01
      -7.58696496e-02 7.88884044e-01 -4.44552302e-02 7.81630337e-01
      -2.14126389e-02 7.80605018e-01 3.78614850e-03 7.90882230e-01
      8.35731626e-03 7.97273159e-01 1.20020397e-02 8.03206563e-01
      2.13569030e-02 8.48620594e-01</contour2d>
    <histogram type_id="opencv-matrix">
      <rows>20</rows>
      <cols>1</cols>
      <dt>f</dt>
      <data>
        0. 2.33236142e-03 0. 0. 0. 0. 0. 0. 0. 0. 0. 0. 0. 0. 0. 0. 0.
        0. 0. 9.97667611e-01</data></histogram></_>
  <_><id>3</id>
    <height>4.0635704994201660e-02</height>
    <contour2d>
      -1.79797262e-01 5.69490552e-01 -1.77792728e-01 5.73248029e-01
      -1.74475670e-01 5.81543922e-01 -1.83494687e-01 6.21988535e-01
      -1.84988081e-01 6.26715422e-01 -1.94217235e-01 6.36740565e-01
      -2.09236860e-01 6.49038672e-01 -2.13879347e-01 6.51667237e-01
      -2.22448647e-01 6.54204726e-01 -2.36849189e-01 6.55402541e-01
      -2.51466721e-01 6.54384971e-01 -2.54968196e-01 6.53837442e-01
      -2.66575724e-01 6.50276899e-01 -2.93102205e-01 6.36610627e-01
      -2.99229592e-01 6.01666927e-01 -2.99803585e-01 5.96626759e-01
      -2.97981769e-01 5.81240892e-01 -2.94302791e-01 5.75509667e-01
      -2.57582992e-01 5.39567709e-01 -2.54913241e-01 5.38058460e-01
      -2.49664813e-01 5.35474479e-01 -2.33700752e-01 5.33167481e-01
      -2.25885093e-01 5.32325625e-01 -2.24584669e-01 5.32329559e-01
      -1.96786672e-01 5.49294114e-01 -1.85953408e-01 5.61609745e-01</contour2d>
    <histogram type_id="opencv-matrix">
      <rows>20</rows>
      <cols>1</cols>
      <dt>f</dt>
      <data>
        1.95982354e-03 6.85938261e-03 0. 0. 0. 0. 0. 0. 0. 0. 0. 0. 0.
        0. 0. 0. 0. 0. 0. 9.91180778e-01</data></histogram></_>
  <_><id>4</id>
    <height>3.5322308540344238e-02</height>
    <contour2d>
      -5.48519939e-03 6.32784903e-01 -7.12387729e-03 6.43659830e-01
      -9.96244606e-03 6.49524570e-01 -1.88590288e-02 6.65102243e-01
      -3.24443951e-02 6.77725077e-01 -3.69973630e-02 6.80150092e-01
      -5.52960522e-02 6.87721252e-01 -7.03614131e-02 6.88957155e-01
      -1.05448574e-01 6.74354553e-01 -1.16432354e-01 6.64371848e-01
      -1.21611364e-01 6.55906379e-01 -1.32033348e-01 6.23590589e-01
      -1.29787743e-01 6.14527106e-01 -1.06720589e-01 5.78524292e-01
      -1.03274301e-01 5.73703825e-01 -9.73743722e-02 5.67529202e-01
      -9.59222987e-02 5.66884458e-01 -6.88633695e-02 5.64129114e-01
      -4.66224402e-02 5.69901466e-01 -3.84724289e-02 5.73151290e-01
      -3.71294580e-02 5.74058056e-01 -3.31632979e-02 5.77327669e-01
      -5.54830395e-03 6.31690502e-01</contour2d>
    <histogram type_id="opencv-matrix">
      <rows>20</rows>
      <cols>1</cols>
      <dt>f</dt>
      <data>
        1.70551450e-03 1.70551450e-03 0. 0. 0. 0. 0. 0. 0. 0. 0. 0. 0.
        0. 0. 0. 0. 5.68504853e-04 0. 9.96020496e-01</data></histogram></_>
  <_><id>5</id>
    <height>3.3045470714569092e-02</height>
    <contour2d>
      1.33172989e-01 7.24801898e-01 1.33289903e-01 7.29732156e-01
      1.31408989e-01 7.45210171e-01 1.21163823e-01 7.64837205e-01
      1.08515494e-01 7.82091916e-01 1.03841558e-01 7.84722030e-01
      6.61465302e-02 7.91336775e-01 6.44924566e-02 7.91331828e-01
      3.26846242e-02 7.79544652e-01 2.92766541e-02 7.75039732e-01
      8.94432515e-03 7.45732427e-01 8.97606462e-03 7.43625760e-01
      2.36277059e-02 6.90000176e-01 3.52773890e-02 6.79522872e-01
      4.40501384e-02 6.73686802e-01 5.10227233e-02 6.69424713e-01
      5.40127233e-02 6.68443799e-01 5.97666577e-02 6.67035878e-01
      6.75529018e-02 6.66223407e-01 9.25049558e-02 6.70812070e-01
      1.02134816e-01 6.72820508e-01 1.12561576e-01 6.79427803e-01
      1.15673818e-01 6.83148026e-01</contour2d>
    <histogram type_id="opencv-matrix">
      <rows>20</rows>
      <cols>1</cols>
      <dt>f</dt>
      <data>
        0. 0. 0. 0. 0. 0. 0. 0. 0. 0. 0. 0. 0. 0. 0. 0. 0. 0. 0. 1.</data></histogram></_>
  <_><id>6</id>
    <height>3.3863008022308350e-02</height>
    <contour2d>
      -6.35069609e-02 7.35424936e-01 -7.05582723e-02 7.48998463e-01
      -7.41550177e-02 7.54615307e-01 -8.10788348e-02 7.63464570e-01
      -8.61970261e-02 7.67906725e-01 -1.04933940e-01 7.80536652e-01
      -1.08224817e-01 7.81616330e-01 -1.33405983e-01 7.83236206e-01
      -1.62959516e-01 7.71066606e-01 -1.64418966e-01 7.70292342e-01
      -1.68758601e-01 7.66891599e-01 -1.71789169e-01 7.63959825e-01
      -1.78320736e-01 7.53543139e-01 -1.87891930e-01 7.24585652e-01
      -1.87594548e-01 7.17615843e-01 -1.84546754e-01 7.07302749e-01
      -1.63653687e-01 6.74625874e-01 -1.45936877e-01 6.60346627e-01
      -1.41331241e-01 6.58670366e-01 -1.34198934e-01 6.57149553e-01
      -1.28527641e-01 6.56596959e-01 -1.08105257e-01 6.57720149e-01
      -8.99603069e-02 6.68115795e-01 -8.84950757e-02 6.69105053e-01
      -7.91071132e-02 6.77460074e-01 -7.34774023e-02 6.84080362e-01
      -7.06859529e-02 6.92597508e-01</contour2d>
    <histogram type_id="opencv-matrix">
      <rows>20</rows>
      <cols>1</cols>
      <dt>f</dt>
      <data>
        1.24927707e-01 1.90861784e-02 0. 0. 0. 0. 0. 0. 0. 0. 0. 0. 0.
        0. 0. 0. 4.04858310e-03 1.73510704e-03 0. 8.50202441e-01</data></histogram></_>
  <_><id>7</id>
    <height>3.5650730133056641e-02</height>
    <contour2d>
      -1.69926472e-02 6.02924347e-01 -2.56820656e-02 6.24925613e-01
      -2.71634497e-02 6.27929211e-01 -3.73416729e-02 6.36763573e-01
      -4.47535366e-02 6.42852187e-01 -4.62144315e-02 6.43810272e-01
      -6.72595873e-02 6.55095816e-01 -1.10671923e-01 6.47555232e-01
      -1.22229114e-01 6.34074211e-01 -1.34220332e-01 6.18015349e-01
      -1.37250841e-01 6.07629359e-01 -1.37974873e-01 6.03066027e-01
      -1.37744024e-01 5.86936593e-01 -1.37567177e-01 5.85362911e-01
      -1.10768512e-01 5.41235209e-01 -1.07765958e-01 5.39356709e-01
      -9.16605219e-02 5.33441961e-01 -8.02999586e-02 5.31639695e-01
      -7.76953474e-02 5.31647503e-01 -6.04263172e-02 5.33378899e-01
      -5.28289303e-02 5.34420073e-01 -4.12814878e-02 5.38297892e-01
      -1.69704854e-02 5.98388195e-01</contour2d>
    <histogram type_id="opencv-matrix">
      <rows>20</rows>
      <cols>1</cols>
      <dt>f</dt>
      <data>
        1.49088893e-02 6.07399223e-03 0. 0. 0. 0. 0. 0. 0. 0. 0. 0.
        5.52181096e-04 0. 0. 0. 5.52181096e-04 2.20872439e-03 0.
        9.75704014e-01</data></histogram></_>
  <_><id>8</id>
    <height>3.3782064914703369e-02</height>
    <contour2d>
      3.82523835e-02 8.83029938e-01 3.51298377e-02 8.93990874e-01
      2.83346828e-02 9.07045364e-01 2.97993980e-03 9.24649239e-01
      -1.91517156e-02 9.31617975e-01 -3.02016716e-02 9.29516315e-01
      -6.29229918e-02 9.16995883e-01 -6.82858676e-02 9.14096594e-01
      -7.00919107e-02 9.12877142e-01 -7.66655132e-02 9.00103390e-01
      -8.00072178e-02 8.92821908e-01 -8.31404403e-02 8.84304821e-01
      -8.59783590e-02 8.71029913e-01 -6.98766336e-02 8.28078330e-01
      -6.80889636e-02 8.26150894e-01 -4.88269702e-02 8.13786209e-01
      -4.53191772e-02 8.12110364e-01 -3.85300629e-02 8.10553670e-01
      -2.84203272e-02 8.09464633e-01 -1.48541098e-02 8.09375703e-01
      6.93242811e-03 8.10357988e-01 2.62266826e-02 8.27224970e-01
      3.84960547e-02 8.76345992e-01</contour2d>
    <histogram type_id="opencv-matrix">
      <rows>20</rows>
