<?xml version="1.0"?>
<opencv_storage>
<obj>
  <_><id>1</id>
    <height>1.5531760454177856e-01</height>
    <contour2d>
      -6.37885928e-02 7.25468159e-01 -6.67460561e-02 7.28057325e-01
      -1.35890856e-01 7.28788674e-01 -1.72150329e-01 7.25171804e-01
      -1.73740014e-01 7.17994511e-01 -1.73725441e-01 7.17028320e-01
      -1.70464501e-01 7.05629766e-01 -1.68405503e-01 7.03018188e-01
      -1.44372955e-01 6.81183815e-01 -1.34555489e-01 6.74323797e-01
      -1.31230533e-01 6.72926068e-01 -1.10679179e-01 6.75365627e-01
      -9.49160755e-02 6.78887486e-01 -9.36032012e-02 6.79351628e-01
      -7.27727935e-02 6.94046021e-01 -6.69601858e-02 7.00829685e-01
      -6.55700490e-02 7.03695178e-01 -6.42230660e-02 7.09421933e-01</contour2d>
    <histogram type_id="opencv-matrix">
      <rows>20</rows>
      <cols>1</cols>
      <dt>f</dt>
      <data>
        4.53559458e-02 2.17314139e-01 1.68803006e-01 1.99171770e-02
        2.12975759e-02 1.87339783e-02 4.87083420e-02 1.04515878e-02
        7.49359140e-03 7.29639130e-03 4.73279459e-03 2.95799645e-03
        4.14119521e-03 1.57759816e-03 2.16919743e-03 9.85998893e-04
        3.94399557e-03 4.53559449e-03 4.33839485e-03 4.05245513e-01</data></histogram></_>
  <_><id>2</id>
    <height>1.5600788593292236e-01</height>
    <contour2d>
      -1.73514895e-03 7.38337040e-01 -1.74116287e-02 7.55499423e-01
      -2.77459119e-02 7.62401164e-01 -2.92053912e-02 7.62396812e-01
      -4.33133841e-02 7.47522891e-01 -6.10985607e-02 7.28073180e-01
      -8.81932154e-02 6.82369828e-01 -8.80836621e-02 6.80666447e-01
      -8.30506980e-02 6.74281299e-01 -7.68657178e-02 6.68670893e-01
      -6.66833967e-02 6.67947292e-01 -6.51883632e-02 6.67951763e-01
      -3.85158360e-02 6.74112618e-01 -2.94872373e-02 6.76355541e-01
      -2.18870919e-02 6.78805768e-01 -1.27284769e-02 6.85435474e-01
      -9.88209061e-03 6.92360044e-01 -2.51936447e-03 7.30474591e-01
      -1.52227841e-03 7.37009823e-01</contour2d>
    <histogram type_id="opencv-matrix">
      <rows>20</rows>
      <cols>1</cols>
      <dt>f</dt>
      <data>
        2.69172173e-02 2.08481461e-01 2.01625198e-01 4.87557128e-02
        2.43778564e-02 1.32046724e-02 3.02183852e-02 8.88776034e-03
        9.39563289e-03 7.11020827e-03 9.64956824e-03 3.80904018e-03
        2.28542415e-03 2.79329624e-03 1.01574406e-03 1.01574406e-03
        1.26968010e-03 4.06297622e-03 1.52361603e-03 3.93600821e-01</data></histogram></_>
  <_><id>3</id>
    <height>8.7692558765411377e-02</height>
    <contour2d>
      3.72709706e-02 6.55343473e-01 4.83738035e-02 6.77295625e-01
      4.83431965e-02 6.79327607e-01 1.15922857e-02 7.03118026e-01
      -1.24830380e-03 7.10743546e-01 -2.78342422e-03 7.00225413e-01
      -2.51914933e-03 6.86702192e-01 -8.06095079e-04 6.77122891e-01
      4.71042469e-04 6.74397051e-01 2.28388701e-02 6.51820600e-01
      2.82913838e-02 6.51292086e-01 2.96853725e-02 6.51296258e-01</contour2d>
    <histogram type_id="opencv-matrix">
      <rows>20</rows>
      <cols>1</cols>
      <dt>f</dt>
      <data>
        4.01606411e-03 1.92771077e-01 2.08835334e-01 1.56626493e-01
        9.23694745e-02 4.41767052e-02 4.01606411e-03 0. 1.00401603e-02
        1.00401603e-02 6.02409616e-03 1.00401603e-02 2.00803205e-03 0.
        0. 0. 0. 4.01606411e-03 0. 2.55020082e-01</data></histogram></_>
  <_><id>4</id>
    <height>1.5261697769165039e-01</height>
    <contour2d>
      4.36122455e-02 7.63864160e-01 4.37765904e-02 7.64426887e-01
      4.41547222e-02 7.70786643e-01 4.40659560e-02 7.71067381e-01
      -3.32187116e-02 8.11318219e-01 -4.13862392e-02 8.13573182e-01
      -4.59939614e-02 8.11665833e-01 -5.24526089e-02 7.93791533e-01
      -5.24374172e-02 7.92783022e-01 -5.09167500e-02 7.90611386e-01
      -3.84251811e-02 7.77469635e-01 -1.15612345e-02 7.52874196e-01
      2.58533694e-02 7.38882422e-01 2.72922665e-02 7.38886714e-01
      2.86415294e-02 7.39974916e-01</contour2d>
    <histogram type_id="opencv-matrix">
      <rows>20</rows>
      <cols>1</cols>
      <dt>f</dt>
      <data>
        3.14422399e-02 8.68079290e-02 6.97197542e-02 5.94668463e-02
        1.07997261e-01 7.86055997e-02 4.57963087e-02 1.98222827e-02
        2.25563906e-02 4.10116185e-03 5.46821579e-03 8.88585113e-03
        2.73410790e-03 2.73410790e-03 0. 0. 4.78468882e-03
        1.29870120e-02 0. 4.36090201e-01</data></histogram></_>
  <_><id>5</id>
    <height>1.5210348367691040e-01</height>
    <contour2d>
      -3.36819738e-02 7.65093505e-01 -3.41032334e-02 7.79290378e-01
      -3.60021330e-02 7.89959610e-01 -3.78948376e-02 7.96673238e-01
      -1.31811544e-01 7.94504821e-01 -1.34882182e-01 7.93426037e-01
      -1.40903279e-01 7.85598278e-01 -1.40708119e-01 7.81688809e-01
      -1.36054441e-01 7.62226582e-01 -1.34922847e-01 7.59472966e-01
      -1.34505510e-01 7.58906722e-01 -1.31027535e-01 7.57491350e-01
      -1.28369749e-01 7.57243454e-01 -1.10632628e-01 7.56583512e-01
      -7.29095489e-02 7.57409096e-01 -4.82194684e-02 7.62085557e-01</contour2d>
    <histogram type_id="opencv-matrix">
      <rows>20</rows>
      <cols>1</cols>
      <dt>f</dt>
      <data>
        2.48756204e-02 8.56826976e-02 6.74405694e-02 6.79933652e-02
        8.67882743e-02 8.07075724e-02 8.07075724e-02 3.70370373e-02
        1.49253728e-02 1.87949128e-02 1.21614151e-02 3.86954099e-03
        5.52791590e-03 1.65837468e-03 5.52791578e-04 5.52791590e-03
        5.52791590e-03 8.84466525e-03 0. 3.91376436e-01</data></histogram></_>
  <_><id>6</id>
    <height>1.4892148971557617e-01</height>
    <contour2d>
      -1.16973661e-01 7.93473184e-01 -1.20322689e-01 7.97024608e-01
      -1.28564507e-01 8.04455876e-01 -1.31745428e-01 8.04446340e-01
      -1.47874981e-01 8.00747752e-01 -1.96805716e-01 7.41952002e-01
      -2.00147122e-01 7.36370623e-01 -2.00298414e-01 7.32155621e-01
      -1.96857780e-01 7.24847257e-01 -1.95378557e-01 7.22921729e-01
      -1.78777978e-01 7.13851690e-01 -1.75008446e-01 7.14580834e-01
      -1.39885888e-01 7.55396426e-01 -1.30902961e-01 7.67039657e-01
      -1.16898179e-01 7.88467884e-01</contour2d>
    <histogram type_id="opencv-matrix">
      <rows>20</rows>
      <cols>1</cols>
      <dt>f</dt>
      <data>
        7.93650746e-03 5.12265526e-02 6.70995638e-02 8.08080807e-02
        1.16883114e-01 1.06782109e-01 9.30735916e-02 3.53535339e-02
        1.80375185e-02 2.02020202e-02 1.87590197e-02 2.88600288e-03
        1.44300144e-03 0. 0. 0. 7.21500721e-03 5.05050505e-03 0.
        3.67243856e-01</data></histogram></_>
  <_><id>7</id>
    <height>9.1562032699584961e-02</height>
    <contour2d>
      -1.34348989e-01 6.84392095e-01 -1.35532573e-01 6.95175648e-01
      -1.36218876e-01 6.96746647e-01 -1.78276107e-01 6.96359396e-01
      -1.80095002e-01 6.94350243e-01 -1.73656493e-01 6.85731709e-01
      -1.58847257e-01 6.67005420e-01 -1.57374680e-01 6.67009830e-01
      -1.41469494e-01 6.74338162e-01 -1.39394790e-01 6.76216304e-01</contour2d>
    <histogram type_id="opencv-matrix">
      <rows>20</rows>
      <cols>1</cols>
      <dt>f</dt>
      <data>
        2.77227722e-02 2.39603966e-01 2.97029704e-01 1.80198029e-01
        1.10891089e-01 1.78217832e-02 3.96039616e-03 0. 0. 0. 0. 0.
        3.96039616e-03 0. 0. 1.98019808e-03 3.96039616e-03
        5.94059424e-03 1.98019808e-03 1.04950495e-01</data></histogram></_>
  <_><id>8</id>
    <height>1.5187442302703857e-01</height>
    <contour2d>
      -7.79204518e-02 6.18099153e-01 -7.70177543e-02 6.28050447e-01
      -7.70819932e-02 6.32314861e-01 -7.99026117e-02 6.38988554e-01
      -9.98511612e-02 6.57573044e-01 -1.34136021e-01 6.79079473e-01
      -1.38352633e-01 6.80766821e-01 -1.52616084e-01 6.85823441e-01
      -1.57279640e-01 6.87289774e-01 -1.69705391e-01 6.83335483e-01
      -1.71094656e-01 6.82397485e-01 -1.72469884e-01 6.80525661e-01
      -1.72918081e-01 6.71590090e-01 -1.64576024e-01 6.28050089e-01
      -1.55618042e-01 6.20666623e-01 -1.51068538e-01 6.17127419e-01
      -1.40115440e-01 6.10000074e-01 -1.33926690e-01 6.08026505e-01
