<?xml version="1.0"?>
<opencv_storage>
<obj>
  <_><id>1</id>
    <height>9.0014159679412842e-02</height>
    <contour2d>
      -1.48831680e-02 6.99672818e-01 -1.42428232e-02 7.18098044e-01
      -2.42711008e-02 7.33906746e-01 -2.58057024e-02 7.34913111e-01
      -4.26697955e-02 7.40013838e-01 -5.74864224e-02 7.29686737e-01
      -6.60471469e-02 7.18235612e-01 -6.74090236e-02 7.12481022e-01
      -6.73940033e-02 7.11485028e-01 -6.56578019e-02 7.05233574e-01
      -6.25594482e-02 7.00520873e-01 -6.10401481e-02 6.98543191e-01
      -5.07498458e-02 6.93824768e-01 -4.00581434e-02 6.92162991e-01
      -3.42767313e-02 6.92705274e-01 -1.63405519e-02 6.98434830e-01</contour2d>
    <histogram type_id="opencv-matrix">
      <rows>20</rows>
      <cols>1</cols>
      <dt>f</dt>
      <data>
        1.12107620e-02 2.46636778e-01 1.92825109e-01 2.91479826e-02
        2.98953662e-03 0. 0. 0. 1.49476831e-03 2.98953662e-03
        2.49626309e-01 1.16591930e-01 7.10014924e-02 5.23168920e-03
        2.98953662e-03 0. 2.98953662e-03 0. 0. 6.42750338e-02</data></histogram></_>
  <_><id>2</id>
    <height>9.1632962226867676e-02</height>
    <contour2d>
      -1.01812892e-02 6.89745069e-01 -7.60191306e-03 6.97613060e-01
      -7.21029658e-03 6.99442983e-01 -7.60048348e-03 7.10600197e-01
      -1.96744874e-02 7.28797019e-01 -2.57999878e-02 7.34683573e-01
      -5.28341495e-02 7.26141751e-01 -5.83360419e-02 7.14189947e-01
      -5.83276898e-02 7.03301311e-01 -5.77183478e-02 6.96481526e-01
      -4.13662195e-02 6.88916147e-01 -3.40564325e-02 6.86476171e-01
      -3.10738552e-02 6.86485112e-01 -1.16861518e-02 6.89005613e-01</contour2d>
    <histogram type_id="opencv-matrix">
      <rows>20</rows>
      <cols>1</cols>
      <dt>f</dt>
      <data>
        1.41078839e-02 2.98755199e-01 1.56846479e-01 3.23651470e-02 0.
        0. 0. 0. 2.48962664e-03 7.46887969e-03 2.09958509e-01
        1.07883818e-01 7.46887997e-02 2.48962664e-03 1.65975105e-03
        3.31950211e-03 3.31950211e-03 4.97925328e-03 0. 7.96680525e-02</data></histogram></_>
  <_><id>3</id>
    <height>8.9031755924224854e-02</height>
    <contour2d>
      -1.28650088e-02 6.95381582e-01 -1.27741750e-02 6.97330713e-01
      -1.35730859e-02 7.11583614e-01 -1.66008770e-02 7.20165610e-01
      -2.57751960e-02 7.32904255e-01 -5.43725342e-02 7.28154480e-01
      -5.86845651e-02 7.21810222e-01 -6.14028648e-02 7.16946721e-01
      -6.24580681e-02 7.08591104e-01 -6.23277575e-02 7.02906013e-01
      -6.11721575e-02 6.98816717e-01 -5.77596873e-02 6.94067061e-01
      -5.16890213e-02 6.89875722e-01 -3.98363620e-02 6.86227858e-01
      -3.55257466e-02 6.85749233e-01 -2.80936118e-02 6.86762631e-01
      -1.44336224e-02 6.94233954e-01</contour2d>
    <histogram type_id="opencv-matrix">
      <rows>20</rows>
      <cols>1</cols>
      <dt>f</dt>
      <data>
        5.06756781e-03 2.48310819e-01 2.33108118e-01 2.95608118e-02
        3.37837846e-03 0. 0. 0. 0. 9.29054059e-03 2.70270288e-01
        6.16554059e-02 6.08108118e-02 1.68918923e-03 0. 1.68918923e-03
        0. 5.91216236e-03 0. 6.92567602e-02</data></histogram></_>
  <_><id>4</id>
    <height>9.0884089469909668e-02</height>
    <contour2d>
      -9.85147245e-03 6.97001219e-01 -7.64791295e-03 7.02297568e-01
      -7.69581087e-03 7.08744168e-01 -1.20995538e-02 7.25259304e-01
      -2.42938884e-02 7.35149384e-01 -2.73403004e-02 7.35921383e-01
      -3.94951403e-02 7.35884905e-01 -5.57264090e-02 7.22580075e-01
      -5.82705438e-02 7.12429285e-01 -5.84433451e-02 7.05801845e-01
      -5.70669472e-02 6.96952939e-01 -4.15139943e-02 6.90183163e-01
      -2.96410061e-02 6.89685464e-01 -1.28776170e-02 6.93925381e-01
      -1.13014448e-02 6.95068002e-01</contour2d>
    <histogram type_id="opencv-matrix">
      <rows>20</rows>
      <cols>1</cols>
      <dt>f</dt>
      <data>
        8.33965093e-03 2.53222138e-01 1.82714179e-01 3.48749049e-02
        1.36467023e-02 0. 0. 0. 2.27445038e-03 1.97119042e-02
        2.33510241e-01 1.31918117e-01 2.27445029e-02 2.27445038e-03
        3.03260051e-03 0. 1.51630025e-03 6.06520101e-03 0.
        8.41546655e-02</data></histogram></_>
  <_><id>5</id>
    <height>4.7606408596038818e-02</height>
    <contour2d>
      1.68044776e-01 8.22337210e-01 1.60693482e-01 8.30490410e-01
      1.59181118e-01 8.31284285e-01 1.52517229e-01 8.33200872e-01
      1.03070684e-01 8.32712829e-01 9.25559253e-02 8.31084371e-01
      7.36143738e-02 8.26027572e-01 7.19268844e-02 8.24888170e-01
      7.03534260e-02 8.23405862e-01 7.11108521e-02 7.98227131e-01
      7.13597909e-02 7.96405733e-01 8.79007280e-02 7.93026388e-01
      1.65602565e-01 8.00406158e-01 1.67460293e-01 8.03432882e-01
      1.68424159e-01 8.07820022e-01 1.69456691e-01 8.15560579e-01</contour2d>
    <histogram type_id="opencv-matrix">
      <rows>20</rows>
      <cols>1</cols>
      <dt>f</dt>
      <data>
        5.75620793e-02 2.08803624e-01 1.19638830e-01 2.59593688e-02
        3.38600460e-03 1.12866820e-03 2.25733640e-03 2.25733640e-03
        6.77200919e-03 7.90067762e-03 2.64108360e-01 8.91647860e-02
        4.85327318e-02 6.77200919e-03 1.01580136e-02 3.38600460e-03
        1.12866820e-03 6.77200919e-03 1.24153504e-02 1.21896163e-01</data></histogram></_>
  <_><id>6</id>
    <height>4.4627428054809570e-02</height>
    <contour2d>
      -4.96566743e-02 7.29717493e-01 -4.96839583e-02 7.33242035e-01
      -5.27666509e-02 7.37257600e-01 -9.68494266e-02 7.81336069e-01
      -1.03845187e-01 7.87706494e-01 -1.08991176e-01 7.89250731e-01
      -1.20676294e-01 7.91094899e-01 -1.25632927e-01 7.91079998e-01
      -1.30794585e-01 7.89320707e-01 -1.56303361e-01 7.66918421e-01
      -1.43782213e-01 7.30653286e-01 -9.26076099e-02 7.07627296e-01
      -8.64825025e-02 7.07008839e-01 -8.31440687e-02 7.06930757e-01
      -5.28608337e-02 7.25833654e-01</contour2d>
    <histogram type_id="opencv-matrix">
      <rows>20</rows>
      <cols>1</cols>
      <dt>f</dt>
      <data>
        5.31208515e-02 2.49668002e-01 2.09827363e-01 2.52324045e-02
        2.25763619e-02 1.59362555e-02 1.32802129e-03 1.32802129e-03
        5.31208515e-03 4.51527238e-02 1.36786193e-01 4.51527238e-02
        6.77290857e-02 1.19521916e-02 6.64010644e-03 0. 3.98406386e-03
        6.64010644e-03 0. 9.16334689e-02</data></histogram></_>
  <_><id>7</id>
    <height>4.6266138553619385e-02</height>
    <contour2d>
      -5.80914095e-02 7.88993001e-01 -7.45256096e-02 7.91693807e-01
      -8.26921612e-02 7.92308569e-01 -8.91395956e-02 7.90724635e-01
      -9.39821526e-02 7.88832128e-01 -1.43782213e-01 7.30653465e-01
      -1.32896960e-01 7.19612181e-01 -1.28455222e-01 7.15495110e-01
      -1.21715561e-01 7.11238444e-01 -1.01104990e-01 7.02106595e-01
      -9.77355465e-02 7.00963974e-01 -9.48997736e-02 7.01095462e-01
      -9.08776447e-02 7.01709211e-01 -8.91216844e-02 7.03701913e-01
      -8.34408998e-02 7.13278830e-01 -7.21134543e-02 7.35304177e-01
      -5.25632948e-02 7.73947001e-01 -5.25797978e-02 7.75041461e-01
      -5.62800840e-02 7.85576940e-01</contour2d>
    <histogram type_id="opencv-matrix">
      <rows>20</rows>
      <cols>1</cols>
      <dt>f</dt>
      <data>
        1.99778024e-02 3.21864605e-01 2.38623753e-01 1.99778024e-02
        4.43951180e-03 0. 0. 0. 0. 1.10987797e-02 1.25416204e-01
        1.04328528e-01 4.88346294e-02 3.32963374e-03 6.65926747e-03 0.
        5.54938987e-03 7.76914554e-03 0. 8.21309686e-02</data></histogram></_>
  <_><id>8</id>
    <height>4.4947504997253418e-02</height>
    <contour2d>
      -6.60650991e-03 7.20624089e-01 -1.15147522e-02 7.33940363e-01
      -2.59391554e-02 7.50653267e-01 -3.07329819e-02 7.50638962e-01
      -3.87066752e-02 7.49551773e-01 -1.06473453e-01 7.11388469e-01
      -1.06353492e-01 7.09614158e-01 -9.85680297e-02 6.89469099e-01
      -8.61699358e-02 6.79320812e-01 -7.81168938e-02 6.73788548e-01
      -7.65236542e-02 6.73089504e-01 -1.59248859e-02 7.08989263e-01
      -8.06760415e-03 7.17563987e-01 -6.59071654e-03 7.19575763e-01</contour2d>
    <histogram type_id="opencv-matrix">
