<?xml version="1.0"?>
<opencv_storage>
<obj>
  <_><id>1</id>
    <height>7.0163726806640625e-02</height>
    <contour2d>
      -6.66097552e-02 6.10211968e-01 -6.53807744e-02 6.12518609e-01
      -7.03828111e-02 6.54768586e-01 -7.18391091e-02 6.56664371e-01
      -7.61650503e-02 6.59501612e-01 -9.09881964e-02 6.67894959e-01
      -1.04271337e-01 6.71027660e-01 -1.28221616e-01 6.68001294e-01
      -1.39754474e-01 6.55441701e-01 -1.41895980e-01 6.49695098e-01
      -1.42260134e-01 6.43378258e-01 -1.36444092e-01 6.02856994e-01
      -1.34429246e-01 5.99195957e-01 -1.32749006e-01 5.96924126e-01
      -1.26335934e-01 5.93882859e-01 -1.02217354e-01 5.89725971e-01
      -9.00972709e-02 5.91031611e-01 -7.88672939e-02 5.97487807e-01</contour2d>
    <histogram type_id="opencv-matrix">
      <rows>20</rows>
      <cols>1</cols>
      <dt>f</dt>
      <data>
        4.60193289e-04 0. 0. 0. 0. 0. 0. 0. 0. 0. 0. 0. 0. 0. 0. 0. 0.
        0. 0. 9.99539852e-01</data></histogram></_>
  <_><id>3</id>
    <height>6.8962097167968750e-02</height>
    <contour2d>
      1.45090923e-01 5.92042923e-01 1.37086675e-01 6.10891044e-01
      1.21861935e-01 6.25485361e-01 9.85766277e-02 6.26125574e-01
      9.15234908e-02 6.25394285e-01 7.94490799e-02 6.17861986e-01
      7.36550093e-02 6.13009930e-01 6.50388673e-02 5.73201418e-01
      6.50521442e-02 5.72321117e-01 6.61494583e-02 5.70116103e-01
      7.91672617e-02 5.55169165e-01 8.04618448e-02 5.54320097e-01
      9.57532972e-02 5.48595607e-01 1.00885548e-01 5.47759354e-01
      1.07785925e-01 5.47713876e-01 1.28118247e-01 5.49468279e-01
      1.44725204e-01 5.84484458e-01</contour2d>
    <histogram type_id="opencv-matrix">
      <rows>20</rows>
      <cols>1</cols>
      <dt>f</dt>
      <data>
        1.26582282e-02 7.23327324e-03 0. 0. 0. 0. 0. 0. 0. 0. 0. 0. 0.
        0. 1.80831831e-03 0. 1.26582282e-02 1.26582282e-02 0.
        9.52983737e-01</data></histogram></_>
  <_><id>4</id>
    <height>6.8514049053192139e-02</height>
    <contour2d>
      5.30696288e-02 5.48390567e-01 5.72164506e-02 5.73838294e-01
      5.72031662e-02 5.74719787e-01 5.32038286e-02 5.91072440e-01
      4.70670238e-02 5.97862124e-01 3.94527763e-02 6.05591238e-01
      2.48148944e-02 6.09241962e-01 1.10824108e-02 6.08904839e-01
      4.28735279e-03 6.08183265e-01 -6.50919043e-03 6.05654120e-01
      -9.20489989e-03 6.02457821e-01 -2.11523511e-02 5.87023020e-01
      -2.11125668e-02 5.84382117e-01 -1.54079841e-02 5.48064590e-01
      -1.40572451e-02 5.43961763e-01 5.17793931e-03 5.35103083e-01
      7.75799341e-03 5.34256637e-01 1.43689048e-02 5.33095956e-01
      2.67363619e-02 5.32640934e-01 3.45979854e-02 5.36265194e-01
      4.83739451e-02 5.43542564e-01 4.96391132e-02 5.44396758e-01
      5.04622683e-02 5.45189857e-01</contour2d>
    <histogram type_id="opencv-matrix">
      <rows>20</rows>
      <cols>1</cols>
      <dt>f</dt>
      <data>
        2.80991737e-02 6.61157025e-03 0. 0. 0. 0. 0. 0. 0. 0. 0. 0. 0.
        0. 1.65289256e-03 0. 4.95867757e-03 1.32231405e-02 0.
        9.45454538e-01</data></histogram></_>
  <_><id>5</id>
    <height>6.9392800331115723e-02</height>
    <contour2d>
      -4.87465188e-02 5.51658571e-01 -4.89205644e-02 5.56193888e-01
      -5.44001982e-02 5.89868248e-01 -6.19249493e-02 6.05086982e-01
      -7.94944465e-02 6.08832896e-01 -1.04273118e-01 6.10664964e-01
      -1.14311159e-01 6.04633629e-01 -1.26152530e-01 5.90536952e-01
      -1.27595097e-01 5.88565648e-01 -1.29453510e-01 5.84255159e-01
      -1.29229531e-01 5.79182744e-01 -1.20451577e-01 5.41981876e-01
      -1.01260521e-01 5.33080995e-01 -9.72414091e-02 5.31812370e-01
      -8.91889706e-02 5.30295849e-01 -8.66928920e-02 5.30303359e-01
      -7.56835639e-02 5.34008503e-01 -6.53359145e-02 5.40652812e-01</contour2d>
    <histogram type_id="opencv-matrix">
      <rows>20</rows>
      <cols>1</cols>
      <dt>f</dt>
      <data>
        1.91846527e-02 4.79616318e-03 0. 0. 0. 0. 0. 0. 0. 0. 0. 0. 0.
        9.59232636e-03 0. 0. 1.15107916e-01 6.71462864e-02 0.
        7.84172654e-01</data></histogram></_>
  <_><id>6</id>
    <height>6.8105638027191162e-02</height>
    <contour2d>
      -1.84187919e-01 5.57944417e-01 -1.84213936e-01 5.59670150e-01
      -1.93962932e-01 5.89120269e-01 -1.95108742e-01 5.91996670e-01
      -1.98102981e-01 5.97131729e-01 -1.99709505e-01 5.98712325e-01
      -2.09400892e-01 6.06447697e-01 -2.20809966e-01 6.09616876e-01
      -2.40850717e-01 6.08855605e-01 -2.45323837e-01 6.06738210e-01
      -2.51690656e-01 6.02431774e-01 -2.60621369e-01 5.88070273e-01
      -2.63783067e-01 5.82181692e-01 -2.66584098e-01 5.75768471e-01
      -2.68064588e-01 5.70262015e-01 -2.68012464e-01 5.66800654e-01
      -2.67626762e-01 5.64403296e-01 -2.66646832e-01 5.62477827e-01
      -2.46764958e-01 5.36695123e-01 -2.43052006e-01 5.32143772e-01
      -2.41789550e-01 5.31315804e-01 -2.37368643e-01 5.29211521e-01
      -2.26141930e-01 5.26673794e-01 -2.10643947e-01 5.29659271e-01
      -2.09413975e-01 5.30489683e-01 -2.01151669e-01 5.36896586e-01
      -1.90740794e-01 5.48039615e-01 -1.85445607e-01 5.55351973e-01</contour2d>
    <histogram type_id="opencv-matrix">
      <rows>20</rows>
      <cols>1</cols>
      <dt>f</dt>
      <data>
        7.51879718e-03 4.51127812e-03 0. 0. 0. 0. 0. 0. 0. 0.
        1.50375941e-03 0. 0. 3.00751883e-03 0. 0. 1.35338344e-02
        2.40601506e-02 0. 9.45864677e-01</data></histogram></_>
  <_><id>7</id>
    <height>7.2672486305236816e-02</height>
    <contour2d>
      -1.35545999e-01 6.67759478e-01 -1.35144457e-01 6.69358492e-01
      -1.34483501e-01 6.74031496e-01 -1.34497955e-01 6.74990237e-01
      -1.41092837e-01 7.01978028e-01 -1.43219739e-01 7.05993593e-01
      -1.49055421e-01 7.16054559e-01 -1.52779415e-01 7.22119749e-01
      -1.81890205e-01 7.33012736e-01 -1.99271485e-01 7.21450388e-01
      -2.07122386e-01 7.15586662e-01 -2.12122053e-01 7.10519969e-01
      -2.13585258e-01 7.08528280e-01 -2.19892815e-01 6.95011020e-01
      -2.20119327e-01 6.93799138e-01 -2.20104516e-01 6.92816794e-01
      -2.07491919e-01 6.57205820e-01 -2.01752841e-01 6.52850568e-01
      -1.92365497e-01 6.47451520e-01 -1.90413579e-01 6.46570265e-01
      -1.74946502e-01 6.44818127e-01 -1.66529313e-01 6.45778537e-01
      -1.61971644e-01 6.47139966e-01 -1.45917609e-01 6.55728817e-01</contour2d>
    <histogram type_id="opencv-matrix">
      <rows>20</rows>
      <cols>1</cols>
      <dt>f</dt>
      <data>
        0. 0. 0. 0. 0. 0. 0. 0. 0. 0. 0. 0. 0. 0. 0. 0. 0. 0. 0.
        9.99999940e-01</data></histogram></_>
  <_><id>9</id>
    <height>6.9874703884124756e-02</height>
    <contour2d>
      1.21798128e-01 7.10343480e-01 1.20721653e-01 7.18633950e-01
      1.18670210e-01 7.26250172e-01 9.77045968e-02 7.46203959e-01
      7.43782818e-02 7.47408688e-01 6.05161488e-02 7.45312631e-01
      5.44602051e-02 7.44017243e-01 4.28215526e-02 7.29586780e-01
      3.79520059e-02 7.22694755e-01 3.78590189e-02 7.18145251e-01
      3.95811684e-02 6.92098856e-01 4.10229191e-02 6.88417196e-01
      4.24460806e-02 6.85720384e-01 4.37570512e-02 6.84236944e-01
      5.81344068e-02 6.73545539e-01 6.30090758e-02 6.70645475e-01
      7.63651058e-02 6.68235421e-01 8.66017714e-02 6.68332696e-01
      9.99074951e-02 6.74163580e-01 1.10161260e-01 6.79974079e-01</contour2d>
    <histogram type_id="opencv-matrix">
      <rows>20</rows>
      <cols>1</cols>
      <dt>f</dt>
      <data>
        3.08008213e-03 1.02669408e-03 0. 0. 0. 0. 0. 0. 0. 0. 0. 0. 0.
        0. 0. 0. 0. 2.05338816e-03 0. 9.93839860e-01</data></histogram></_>
  <_><id>10</id>
    <height>6.8892896175384521e-02</height>
    <contour2d>
      1.50060996e-01 8.20201993e-01 1.45200238e-01 8.26509416e-01
      1.36237040e-01 8.35830629e-01 1.26993179e-01 8.43266845e-01
      1.22432388e-01 8.45734417e-01 1.14315487e-01 8.47364306e-01
      1.07571952e-01 8.47344100e-01 9.52654555e-02 8.43998671e-01
      8.98681134e-02 8.41501176e-01 8.46363008e-02 8.38720560e-01
