<?xml version="1.0"?>
<opencv_storage>
<obj>
  <_><id>1</id>
    <height>5.6121945381164551e-02</height>
    <contour2d>
      1.05653636e-01 7.76815534e-01 1.05570935e-01 7.77319968e-01
      1.05060495e-01 7.78103828e-01 1.02069221e-01 7.80298829e-01
      8.98053795e-02 7.86708713e-01 6.82914183e-02 7.87162006e-01
      6.56118169e-02 7.86841810e-01 6.56418651e-02 7.85783827e-01
      6.79438561e-02 7.77970135e-01 7.25369453e-02 7.67531276e-01
      7.38215744e-02 7.65205204e-01 8.33304599e-02 7.62464523e-01
      9.01290029e-02 7.64775693e-01 9.21997055e-02 7.65647590e-01
      1.00588270e-01 7.71279156e-01 1.02442198e-01 7.72895992e-01
      1.05337217e-01 7.76235282e-01</contour2d>
    <histogram type_id="opencv-matrix">
      <rows>20</rows>
      <cols>1</cols>
      <dt>f</dt>
      <data>
        3.99999976e-01 0. 0. 0. 0. 0. 0. 0. 0. 0. 0. 0. 0. 0. 0.
        3.99999991e-02 3.99999991e-02 5.19999981e-01 0. 0.</data></histogram></_>
  <_><id>2</id>
    <height>5.5998265743255615e-02</height>
    <contour2d>
      -1.65922940e-02 7.14264035e-01 -1.65689066e-02 7.20130622e-01
      -2.30988562e-02 7.23805189e-01 -3.51464972e-02 7.29796886e-01
      -4.11674157e-02 7.31946468e-01 -5.45726828e-02 7.26805806e-01
      -5.45094274e-02 7.23682165e-01 -5.27244210e-02 7.17865169e-01
      -4.49444950e-02 7.07686365e-01 -4.34221104e-02 7.06938505e-01
      -3.00109629e-02 7.06819654e-01 -1.95338447e-02 7.12038279e-01</contour2d>
    <histogram type_id="opencv-matrix">
      <rows>20</rows>
      <cols>1</cols>
      <dt>f</dt>
      <data>
        1.36363640e-01 0. 0. 0. 0. 0. 0. 0. 0. 0. 0. 0. 0. 0. 0. 0.
        9.09090936e-02 3.18181813e-01 0. 4.54545468e-01</data></histogram></_>
  <_><id>3</id>
    <height>5.7610034942626953e-02</height>
    <contour2d>
      -1.28856614e-01 7.52946556e-01 -1.30065858e-01 7.55944550e-01
      -1.35283738e-01 7.56893754e-01 -1.36835277e-01 7.56875396e-01
      -1.57306269e-01 7.53190994e-01 -1.69768214e-01 7.50410557e-01
      -1.71729282e-01 7.46027350e-01 -1.64843231e-01 7.37400532e-01
      -1.54830247e-01 7.29920864e-01 -1.48029119e-01 7.27741480e-01
      -1.42003968e-01 7.33209372e-01 -1.38123944e-01 7.37403989e-01
      -1.31236628e-01 7.45969653e-01 -1.30075112e-01 7.48306632e-01</contour2d>
    <histogram type_id="opencv-matrix">
      <rows>20</rows>
      <cols>1</cols>
      <dt>f</dt>
      <data>
        5.88235319e-01 0. 0. 0. 0. 0. 0. 0. 0. 0. 0. 0. 0. 0. 0. 0.
        1.47058824e-02 3.52941185e-01 0. 4.41176482e-02</data></histogram></_>
  <_><id>4</id>
    <height>5.3212046623229980e-02</height>
    <contour2d>
      -2.12081015e-01 8.23815227e-01 -2.14426264e-01 8.27343583e-01
      -2.35611811e-01 8.23096573e-01 -2.51933217e-01 8.11075985e-01
      -2.51902550e-01 8.09994996e-01 -2.48390689e-01 7.99252510e-01
      -2.46940970e-01 7.96904206e-01 -2.29353651e-01 7.96018243e-01
      -2.22137213e-01 7.97697306e-01 -2.13384956e-01 8.04026723e-01
      -2.11050287e-01 8.07331264e-01 -2.11576268e-01 8.20032179e-01</contour2d>
    <histogram type_id="opencv-matrix">
      <rows>20</rows>
      <cols>1</cols>
      <dt>f</dt>
      <data>
        1.91780820e-01 0. 0. 0. 0. 0. 0. 0. 0. 0. 0. 0. 0. 0. 0. 0. 0.
        8.08219194e-01 0. 0.</data></histogram></_>
  <_><id>5</id>
    <height>5.4291188716888428e-02</height>
    <contour2d>
      -1.28068268e-01 8.99009287e-01 -1.27809718e-01 8.99878681e-01
      -1.29299149e-01 9.12438869e-01 -1.33425251e-01 9.20628846e-01
      -1.57479286e-01 9.26202655e-01 -1.59245014e-01 9.26181734e-01
      -1.74039081e-01 9.14782524e-01 -1.73709646e-01 9.08144593e-01
      -1.71931744e-01 9.03230190e-01 -1.65302590e-01 8.95383716e-01
      -1.61621034e-01 8.94581497e-01 -1.29794076e-01 8.97844434e-01</contour2d>
    <histogram type_id="opencv-matrix">
      <rows>20</rows>
      <cols>1</cols>
      <dt>f</dt>
      <data>
        4.46153849e-01 0. 0. 0. 0. 0. 0. 0. 0. 0. 0. 0. 0. 0. 0. 0. 0.
        5.53846180e-01 0. 0.</data></histogram></_>
  <_><id>6</id>
    <height>3.1601309776306152e-02</height>
    <contour2d>
      -2.84179747e-02 9.32834148e-01 -2.84514837e-02 9.34014499e-01
      -3.03908978e-02 9.39804554e-01 -3.96336019e-02 9.44437444e-01
      -7.12501034e-02 9.58176374e-01 -8.22692439e-02 9.58045781e-01
      -8.59791189e-02 9.57680345e-01 -9.50139984e-02 9.44249332e-01
      -9.49799046e-02 9.43048358e-01 -9.42857414e-02 9.38068271e-01
      -8.99723396e-02 9.33058321e-01 -6.79215565e-02 9.25179064e-01
      -6.42860159e-02 9.24049854e-01 -5.88601977e-02 9.22623992e-01
      -3.36515233e-02 9.24096227e-01 -3.18647400e-02 9.24973011e-01</contour2d>
    <histogram type_id="opencv-matrix">
      <rows>20</rows>
      <cols>1</cols>
      <dt>f</dt>
      <data>
        6.36363626e-01 0. 0. 0. 0. 0. 0. 0. 0. 0. 0. 0. 0. 0. 0. 0.
        3.63636352e-02 2.72727251e-01 0. 5.45454547e-02</data></histogram></_>
  <_><id>7</id>
    <height>3.9820432662963867e-02</height>
    <contour2d>
      4.36470509e-02 9.47801828e-01 2.41287798e-02 9.56077933e-01
      1.86248012e-02 9.56011891e-01 -8.20145756e-03 9.18936610e-01
      -6.55109342e-03 9.09139514e-01 -4.76361532e-03 9.05461907e-01
      7.22035766e-04 9.00882840e-01 5.84681518e-03 8.97370458e-01
      7.59313256e-03 8.96549106e-01 1.11033283e-02 8.95748973e-01
      1.28709339e-02 8.95770192e-01 1.96257159e-02 8.98209214e-01
      4.29880321e-02 9.17950392e-01</contour2d>
    <histogram type_id="opencv-matrix">
      <rows>20</rows>
      <cols>1</cols>
      <dt>f</dt>
      <data>
        5.93750000e-01 0. 0. 0. 0. 0. 0. 0. 0. 0. 0. 0. 0. 0. 0. 0.
        1.56250000e-02 3.90625000e-01 0. 0.</data></histogram></_>
  <_><id>8</id>
    <height>3.2460927963256836e-02</height>
    <contour2d>
      1.31423458e-01 8.20969582e-01 1.35688543e-01 8.29136431e-01
      1.01768263e-01 8.56229126e-01 9.52327028e-02 8.57818604e-01
      8.40457603e-02 8.56295347e-01 8.38591084e-02 8.32946002e-01
      9.54022110e-02 8.13560903e-01 1.01399146e-01 8.08815777e-01
      1.02918878e-01 8.08032870e-01 1.09614484e-01 8.10483038e-01
      1.24531217e-01 8.16552639e-01</contour2d>
    <histogram type_id="opencv-matrix">
      <rows>20</rows>
      <cols>1</cols>
      <dt>f</dt>
      <data>
        7.18750000e-01 0. 0. 0. 0. 0. 0. 0. 0. 0. 0. 0. 0. 0. 0. 0. 0.
        2.81250000e-01 0. 0.</data></histogram></_>
  <_><id>9</id>
    <height>3.0469000339508057e-02</height>
    <contour2d>
      -6.09669741e-03 7.47634768e-01 -9.33970138e-03 7.61780083e-01
      -1.25456369e-02 7.63790786e-01 -4.51731607e-02 7.54140913e-01
      -6.54458255e-02 7.46749580e-01 -6.55050427e-02 7.46253729e-01
      -6.54168949e-02 7.45730400e-01 -6.34821504e-02 7.41352141e-01
      -4.69714068e-02 7.17942476e-01 -3.47378701e-02 7.14894116e-01
      -3.32179889e-02 7.14912117e-01 -3.17261741e-02 7.15919018e-01
      -7.69649260e-03 7.41156280e-01</contour2d>
    <histogram type_id="opencv-matrix">
      <rows>20</rows>
      <cols>1</cols>
      <dt>f</dt>
      <data>
        3.75000000e-01 0. 0. 0. 0. 0. 0. 0. 0. 0. 0. 0. 0. 0. 0. 0. 0.
        3.75000000e-01 0. 2.50000000e-01</data></histogram></_>
  <_><id>10</id>
    <height>3.2643675804138184e-02</height>
    <contour2d>
      -1.04032710e-01 7.30804443e-01 -1.04089200e-01 7.32794285e-01
      -1.05703138e-01 7.35761046e-01 -1.22785382e-01 7.54012406e-01
      -1.38168111e-01 7.65035212e-01 -1.41065270e-01 7.65445113e-01
      -1.42629862e-01 7.65426576e-01 -1.50903434e-01 7.55481541e-01
      -1.52256012e-01 7.48388231e-01 -1.52198628e-01 7.46366858e-01
      -1.49441123e-01 7.39367247e-01 -1.45272925e-01 7.30764985e-01
      -1.37160271e-01 7.16714621e-01 -1.29190832e-01 7.13308513e-01</contour2d>
    <histogram type_id="opencv-matrix">
      <rows>20</rows>
      <cols>1</cols>
      <dt>f</dt>
      <data>
        3.42105269e-01 0. 0. 0. 0. 0. 0. 0. 0. 0. 0. 0. 0. 0. 0. 0. 0.
        6.57894731e-01 0. 0.</data></histogram></_>
  <_><id>11</id>
    <height>3.1690239906311035e-02</height>
