<?xml version="1.0"?>
<opencv_storage>
<obj>
  <_><id>1</id>
    <height>1.1968177556991577e-01</height>
    <contour2d>
      1.04174688e-02 6.69348538e-01 7.71679543e-03 6.67723656e-01
      3.91564891e-03 6.64958656e-01 -1.09824212e-02 6.50867820e-01
      -1.47497393e-02 6.46740317e-01 -5.42475805e-02 5.93316793e-01
      -5.54656982e-02 5.90851843e-01 -6.00732118e-02 5.78820765e-01
      -6.00610971e-02 5.78016460e-01 -4.68669720e-02 5.40560961e-01
      -4.55958135e-02 5.38906217e-01 -3.40246372e-02 5.26990771e-01
      -2.54699551e-02 5.27666628e-01 3.56056765e-02 5.51526308e-01
      3.67745236e-02 5.52315474e-01 5.70822582e-02 6.05240703e-01
      5.69473729e-02 6.31103635e-01 5.50765172e-02 6.36678338e-01</contour2d>
    <histogram type_id="opencv-matrix">
      <rows>20</rows>
      <cols>1</cols>
      <dt>f</dt>
      <data>
        1.75849930e-03 1.58264935e-02 8.49941373e-02 5.16412675e-01
        2.20984757e-01 5.74443117e-02 1.17233293e-02 1.17233293e-02
        3.51699861e-03 5.27549814e-03 5.86166466e-03 8.20633024e-03
        6.44783117e-03 2.34466582e-03 1.17233291e-03 0. 3.51699861e-03
        5.86166454e-04 3.16529870e-02 1.05509963e-02</data></histogram></_>
  <_><id>6</id>
    <height>1.9840151071548462e-01</height>
    <contour2d>
      1.73998207e-01 8.15070093e-01 1.73731610e-01 8.39977264e-01
      1.73084661e-01 8.43591928e-01 1.70161262e-01 8.45512331e-01
      1.52059883e-01 8.49928021e-01 4.61609289e-02 8.59607935e-01
      3.04043572e-02 8.58657598e-01 2.74779480e-02 8.58216465e-01
      5.24908490e-03 8.41022730e-01 4.66686487e-03 8.29198599e-01
      7.75768608e-03 8.23678076e-01 2.24709455e-02 8.03072393e-01
      2.68318858e-02 7.97806799e-01 6.51614219e-02 7.74248898e-01
      8.70694518e-02 7.65040874e-01 9.02844891e-02 7.64817119e-01
      1.13875210e-01 7.66308427e-01 1.69735059e-01 8.02803516e-01
      1.71495870e-01 8.04686844e-01</contour2d>
    <histogram type_id="opencv-matrix">
      <rows>20</rows>
      <cols>1</cols>
      <dt>f</dt>
      <data>
        0. 1.96518819e-03 4.04267274e-02 5.39584517e-01 2.42560372e-01
        3.39696817e-02 6.45704661e-03 3.36889410e-03 2.80741160e-03
        1.68444705e-03 1.12296466e-03 1.96518819e-03 1.12296466e-03 0.
        0. 0. 0. 0. 1.15665361e-01 7.29927048e-03</data></histogram></_>
  <_><id>8</id>
    <height>1.1178368330001831e-01</height>
    <contour2d>
      -1.08052291e-01 7.58145392e-01 -1.17073335e-01 7.59800076e-01
      -1.35744378e-01 7.58401453e-01 -1.52731076e-01 7.51710773e-01
      -1.63324594e-01 7.47314751e-01 -2.24617571e-01 6.65153921e-01
      -2.24604040e-01 6.64256215e-01 -2.01200590e-01 6.04068458e-01
      -2.00687319e-01 6.03489041e-01 -1.97311893e-01 6.01327896e-01
      -1.95761412e-01 6.00608706e-01 -1.92684516e-01 6.00027025e-01
      -1.62641332e-01 5.97812533e-01 -1.44849196e-01 5.97554922e-01
      -1.43193811e-01 5.97925186e-01 -1.13227271e-01 6.15573764e-01
      -1.04741998e-01 6.21172547e-01 -1.00903928e-01 6.24635577e-01
      -8.21333006e-02 6.67582989e-01 -8.23271871e-02 6.70063376e-01
      -9.02938694e-02 7.02849090e-01 -9.21141803e-02 7.08875239e-01</contour2d>
    <histogram type_id="opencv-matrix">
      <rows>20</rows>
      <cols>1</cols>
      <dt>f</dt>
      <data>
        1.13475183e-03 8.51063896e-03 6.21276610e-02 5.63687980e-01
        2.40851074e-01 4.65248264e-02 1.95744690e-02 1.13475183e-02
        5.39007131e-03 6.24113530e-03 6.52482314e-03 3.68794333e-03
        1.13475183e-03 1.70212775e-03 2.83687958e-04 0. 0. 0.
        6.80851098e-03 1.44680860e-02</data></histogram></_>
  <_><id>9</id>
    <height>5.5021405220031738e-02</height>
    <contour2d>
      1.19598527e-02 5.49173295e-01 3.84098850e-03 5.82344472e-01
      2.33546458e-03 5.85012555e-01 -9.60654393e-03 5.96703470e-01
      -1.20230820e-02 5.98267913e-01 -2.41668709e-02 6.02843046e-01
      -1.04599506e-01 5.96918702e-01 -1.28196657e-01 5.85739732e-01
      -1.33708969e-01 5.82677782e-01 -1.36245146e-01 5.79394519e-01
      -1.36368886e-01 5.76548219e-01 -1.35660037e-01 5.74774444e-01
      -1.16551280e-01 5.52084863e-01 -2.73555554e-02 5.08184910e-01
      -2.16632932e-02 5.06103635e-01 -1.37280896e-02 5.07734656e-01
      -1.15086278e-02 5.08669496e-01</contour2d>
    <histogram type_id="opencv-matrix">
      <rows>20</rows>
      <cols>1</cols>
      <dt>f</dt>
      <data>
        2.96735903e-03 1.36498511e-02 7.29970336e-02 5.01483679e-01
        1.77448064e-01 4.45103869e-02 2.31454000e-02 1.60237383e-02
        1.12759639e-02 9.49554890e-03 7.71513348e-03 8.90207663e-03
        2.96735903e-03 2.96735903e-03 1.18694361e-03 1.78041542e-03 0.
        2.96735903e-03 6.35014847e-02 3.50148380e-02</data></histogram></_>
  <_><id>10</id>
    <height>1.0874640941619873e-01</height>
    <contour2d>
      -1.11578286e-01 5.11131763e-01 -1.11751616e-01 5.13344169e-01
      -1.64415732e-01 5.57200849e-01 -1.65791363e-01 5.58002353e-01
      -1.72060743e-01 5.60944319e-01 -1.74667045e-01 5.61554849e-01
      -1.80226952e-01 5.61569035e-01 -2.32507661e-01 5.23909807e-01
      -2.31432900e-01 5.21066904e-01 -2.11595178e-01 4.94581819e-01
      -2.08267093e-01 4.92398977e-01 -1.91154152e-01 4.82760847e-01
      -1.36506960e-01 4.89834845e-01 -1.17133081e-01 4.95124638e-01</contour2d>
    <histogram type_id="opencv-matrix">
      <rows>20</rows>
      <cols>1</cols>
      <dt>f</dt>
      <data>
        0. 7.50750769e-04 1.87687688e-02 4.74474490e-01 3.51351351e-01
        4.87987995e-02 1.87687688e-02 1.57657657e-02 7.50750769e-03
        3.75375384e-03 6.00600615e-03 3.00300308e-03 0. 0. 0. 0. 0. 0.
        4.05405425e-02 1.05105108e-02</data></histogram></_>
  <_><id>11</id>
    <height>8.1085801124572754e-02</height>
    <contour2d>
      1.16417795e-01 5.54967403e-01 9.59133357e-02 5.59832394e-01
      9.14261192e-02 5.58988810e-01 2.06982382e-02 5.42156935e-01
      6.58167154e-03 5.36320388e-01 6.60466775e-03 5.34793854e-01
      8.54959525e-03 5.21729648e-01 1.09699592e-02 5.18609643e-01
      1.61583312e-02 5.14121652e-01 6.76183105e-02 4.90321875e-01
      6.87596947e-02 4.90325272e-01 1.03859097e-01 5.08258283e-01
      1.16232872e-01 5.51941991e-01</contour2d>
    <histogram type_id="opencv-matrix">
      <rows>20</rows>
      <cols>1</cols>
      <dt>f</dt>
      <data>
        0. 7.23981904e-03 5.33936657e-02 5.49321294e-01 2.54298657e-01
        4.07239832e-02 1.35746608e-02 8.14479683e-03 1.80995476e-03
        5.42986440e-03 9.04977415e-03 4.52488707e-03 1.80995476e-03 0.
        0. 0. 9.04977380e-04 0. 4.07239832e-02 9.04977415e-03</data></histogram></_>
  <_><id>18</id>
    <height>6.6287338733673096e-02</height>
    <contour2d>
      -2.07559504e-02 6.46327555e-01 -1.83410291e-02 6.51699901e-01
      -1.58813186e-02 6.60323739e-01 -1.46878380e-02 6.86409056e-01
      -1.47144627e-02 6.88174546e-01 -1.74183156e-02 6.94193959e-01
      -3.63938697e-02 7.08862424e-01 -4.90983874e-02 7.17813075e-01
      -1.19176820e-01 7.41683245e-01 -1.20610103e-01 7.41678953e-01
      -1.57899588e-01 7.31897473e-01 -1.51347533e-01 7.10424840e-01
      -1.44765899e-01 7.04568267e-01 -3.37502696e-02 6.38068855e-01
      -3.24423537e-02 6.38072789e-01</contour2d>
    <histogram type_id="opencv-matrix">
      <rows>20</rows>
      <cols>1</cols>
      <dt>f</dt>
      <data>
        0. 1.37362638e-02 8.79120901e-02 4.73901123e-01 2.22527474e-01
        9.13461596e-02 2.54120883e-02 1.92307699e-02 7.55494507e-03
        6.18131878e-03 2.06043967e-03 2.74725282e-03 2.74725282e-03
        6.86813204e-04 0. 0. 0. 1.37362641e-03 6.18131878e-03
        3.64011005e-02</data></histogram></_>
  <_><id>19</id>
    <height>1.1890912055969238e-01</height>
    <contour2d>
      1.73880428e-01 7.05165267e-01 1.72672883e-01 7.08191872e-01
      1.52279198e-01 7.35660076e-01 1.10709801e-01 7.89984465e-01
      1.07723475e-01 7.89975464e-01 3.83854434e-02 6.99681282e-01
      2.80717909e-02 6.65201545e-01 2.80857794e-02 6.64273977e-01
