<?xml version="1.0"?>
<opencv_storage>
<obj>
  <_><id>1</id>
    <height>1.0532641410827637e-01</height>
    <contour2d>
      -1.77367758e-02 6.30658329e-01 -2.31636576e-02 6.35695577e-01
      -3.13065797e-02 6.39697850e-01 -6.54655695e-02 6.46788657e-01
      -7.50516355e-02 6.29305363e-01 -8.05550367e-02 6.10396087e-01
      -8.04298222e-02 6.06905937e-01 -7.91477114e-02 6.03774965e-01
      -7.76876509e-02 6.03097856e-01 -7.60007724e-02 6.02769673e-01
      -4.62727807e-02 5.98329782e-01 -3.23201790e-02 5.97661197e-01
      -2.94985231e-02 5.97669601e-01 -2.66795419e-02 5.97957909e-01
      -2.27192342e-02 5.99701405e-01 -1.77103858e-02 6.28139079e-01</contour2d>
    <histogram type_id="opencv-matrix">
      <rows>20</rows>
      <cols>1</cols>
      <dt>f</dt>
      <data>
        1.32492110e-01 5.46792820e-02 3.89064103e-02 7.36067258e-03
        5.25762327e-04 0. 0. 0. 1.05152465e-03 0. 3.15457396e-03
        6.67718127e-02 6.83491006e-02 1.68243945e-02 1.15667712e-02
        1.68243945e-02 1.82965294e-01 2.23974749e-01 5.25762327e-04
        1.74027324e-01</data></histogram></_>
  <_><id>2</id>
    <height>1.0564935207366943e-01</height>
    <contour2d>
      -1.14833377e-03 6.79603934e-01 -9.34155658e-04 6.81190729e-01
      -1.19074807e-03 6.82416558e-01 -9.63920727e-03 7.06218898e-01
      -1.68564022e-02 7.11266339e-01 -2.26478688e-02 7.12037504e-01
      -5.00941351e-02 7.09241569e-01 -6.13397956e-02 7.02408850e-01
      -6.26603439e-02 7.00840294e-01 -6.25590086e-02 6.97200656e-01
      -5.74316606e-02 6.71752691e-01 -5.60144931e-02 6.68752730e-01
      -5.46218157e-02 6.67625427e-01 -5.32072410e-02 6.67629719e-01
      -1.30688353e-02 6.74715519e-01 -5.39476611e-03 6.77121341e-01
      -2.50840653e-03 6.78489447e-01</contour2d>
    <histogram type_id="opencv-matrix">
      <rows>20</rows>
      <cols>1</cols>
      <dt>f</dt>
      <data>
        1.16459630e-01 7.76397511e-02 9.36852992e-02 3.62318847e-03
        1.55279506e-03 0. 0. 0. 0. 0. 0. 0. 3.10559012e-03
        3.10559012e-03 7.24637695e-03 2.12215334e-02 2.95548648e-01
        2.58281589e-01 1.55279506e-03 1.16977230e-01</data></histogram></_>
  <_><id>3</id>
    <height>1.0521823167800903e-01</height>
    <contour2d>
      -1.44486994e-01 7.11405933e-01 -1.45396203e-01 7.13015258e-01
      -1.59725845e-01 7.18482077e-01 -1.87515885e-01 7.26880968e-01
      -1.90003872e-01 7.24305391e-01 -1.92462295e-01 7.20761180e-01
      -2.08921164e-01 6.89727545e-01 -2.03352809e-01 6.83769286e-01
      -1.97984725e-01 6.80850387e-01 -1.73400819e-01 6.71150327e-01
      -1.69248819e-01 6.71050549e-01 -1.63583845e-01 6.72644615e-01
      -1.46093339e-01 7.00639486e-01 -1.43949211e-01 7.06792951e-01</contour2d>
    <histogram type_id="opencv-matrix">
      <rows>20</rows>
      <cols>1</cols>
      <dt>f</dt>
      <data>
        1.96758211e-01 9.81539860e-02 3.60198095e-02 2.70148576e-03
        4.50247637e-04 4.50247637e-04 0. 4.50247637e-04 4.50247637e-04
        0. 3.15173343e-03 2.25123810e-03 6.30346686e-03 3.60198109e-03
        4.95272409e-03 1.17064388e-02 1.89554259e-01 3.20126057e-01 0.
        1.22917607e-01</data></histogram></_>
  <_><id>4</id>
    <height>1.0659873485565186e-01</height>
    <contour2d>
      -1.14014931e-03 5.70790052e-01 -1.15338713e-03 5.71667850e-01
      -2.65368521e-02 5.94527662e-01 -3.82200927e-02 5.98502636e-01
      -4.07822058e-02 5.98632812e-01 -4.98397946e-02 5.98467767e-01
      -5.35838082e-02 5.95303178e-01 -6.80674240e-02 5.80020905e-01
      -6.94186538e-02 5.74424982e-01 -6.94560036e-02 5.72581112e-01
      -4.16006483e-02 5.49910307e-01 -3.35116312e-02 5.44820368e-01
      -2.71727480e-02 5.44769585e-01 -1.92157663e-02 5.50416291e-01
      -1.38740018e-02 5.55628419e-01 -1.38435699e-03 5.68938732e-01</contour2d>
    <histogram type_id="opencv-matrix">
      <rows>20</rows>
      <cols>1</cols>
      <dt>f</dt>
      <data>
        1.77045181e-01 8.50630850e-02 7.24460781e-02 2.84900283e-03
        1.62800169e-03 0. 0. 0. 0. 0. 0. 1.22100126e-03 4.07000445e-03
        4.47700452e-03 8.95400904e-03 1.66870169e-02 1.84371188e-01
        3.28042328e-01 2.03500222e-03 1.11111112e-01</data></histogram></_>
  <_><id>5</id>
    <height>1.0707283020019531e-01</height>
    <contour2d>
      1.49142548e-01 6.36048079e-01 1.40261009e-01 6.68861091e-01
      1.32495165e-01 6.73911393e-01 9.83087718e-02 6.74081385e-01
      9.15756226e-02 6.64261460e-01 8.53455961e-02 6.37488425e-01
      8.58368427e-02 6.30690992e-01 9.53006148e-02 6.30118847e-01
      1.27808392e-01 6.30509675e-01 1.46029994e-01 6.30965769e-01</contour2d>
    <histogram type_id="opencv-matrix">
      <rows>20</rows>
      <cols>1</cols>
      <dt>f</dt>
      <data>
        1.12018146e-01 6.57596365e-02 7.75510222e-02 9.97732393e-03
        4.53514745e-04 4.53514745e-04 4.53514745e-04 1.36054424e-03
        4.53514745e-04 4.53514745e-04 9.07029491e-04 2.26757373e-03
        2.72108847e-03 5.44217695e-03 3.62811796e-03 3.03854886e-02
        3.35147411e-01 2.21315190e-01 4.53514745e-04 1.28798187e-01</data></histogram></_>
  <_><id>6</id>
    <height>1.0699248313903809e-01</height>
    <contour2d>
      2.38339633e-01 7.01738954e-01 2.16109097e-01 7.13966310e-01
      2.14653358e-01 7.13961959e-01 2.07389265e-01 7.12971509e-01
      2.01375082e-01 7.04399765e-01 1.91424444e-01 6.74949169e-01
      1.91161543e-01 6.73250914e-01 1.92928657e-01 6.67303324e-01
      1.94637418e-01 6.63562417e-01 1.97406635e-01 6.59649909e-01
      2.31789321e-01 6.53559625e-01 2.33175814e-01 6.53563797e-01
      2.36920267e-01 6.54438674e-01 2.38283604e-01 6.55359209e-01
      2.39619315e-01 6.58112526e-01 2.40641922e-01 6.62220597e-01
      2.43911147e-01 6.89059496e-01 2.43168771e-01 6.91551983e-01
      2.42062360e-01 6.94217443e-01</contour2d>
    <histogram type_id="opencv-matrix">
      <rows>20</rows>
      <cols>1</cols>
      <dt>f</dt>
      <data>
        6.41293004e-02 4.37956192e-02 2.13764347e-02 2.08550575e-03
        5.21376438e-04 5.21376438e-04 0. 0. 0. 0. 3.12825851e-03
        2.08550580e-02 2.55474448e-02 1.45985400e-02 1.82481762e-02
        6.10010438e-02 4.33263808e-01 1.43378526e-01 1.56412926e-03
        1.45985410e-01</data></histogram></_>
  <_><id>7</id>
    <height>1.0516124963760376e-01</height>
    <contour2d>
      2.60310173e-01 7.94655263e-01 2.60294437e-01 7.95698643e-01
      2.59371221e-01 7.98395991e-01 2.45702162e-01 8.14660609e-01
      2.28213891e-01 8.24964881e-01 2.21792176e-01 8.24945629e-01
      1.95748374e-01 8.11325669e-01 1.94431588e-01 8.08657169e-01
      1.92881614e-01 8.04354250e-01 1.92741543e-01 8.03304732e-01
      1.93566486e-01 8.01887929e-01 2.06837669e-01 7.85378337e-01
      2.21816912e-01 7.75099277e-01 2.25909039e-01 7.72813201e-01
      2.35244885e-01 7.72882342e-01 2.45807812e-01 7.76911259e-01
      2.51666278e-01 7.82360256e-01 2.58570075e-01 7.90330529e-01</contour2d>
    <histogram type_id="opencv-matrix">
      <rows>20</rows>
      <cols>1</cols>
      <dt>f</dt>
      <data>
        8.95355344e-02 3.74930054e-02 2.12646890e-02 1.67879127e-02
        1.67879136e-03 0. 0. 0. 0. 5.59597102e-04 3.35758273e-03
        5.76384999e-02 8.17011744e-02 2.63010636e-02 2.18242873e-02
        4.53273654e-02 2.99944043e-01 1.76832691e-01 2.23838841e-03
        1.17515393e-01</data></histogram></_>
  <_><id>8</id>
    <height>1.0608428716659546e-01</height>
    <contour2d>
      1.38014257e-01 8.51739347e-01 1.39702022e-01 8.55218410e-01
      1.40497491e-01 8.62761855e-01 1.39874086e-01 8.66810143e-01
      1.34662807e-01 8.87923896e-01 1.30999371e-01 8.99141014e-01
      1.28216237e-01 9.02620375e-01 9.70120728e-02 9.03064013e-01
      8.81278291e-02 8.98140371e-01 8.42609480e-02 8.94640982e-01
      8.24409127e-02 8.86115551e-01 8.06863159e-02 8.76333535e-01
      8.13674331e-02 8.62688720e-01 8.28516558e-02 8.56767774e-01
      8.33972171e-02 8.55546117e-01 8.42702463e-02 8.54538500e-01</contour2d>
    <histogram type_id="opencv-matrix">
