<?xml version="1.0"?>
<opencv_storage>
<obj>
  <_><id>1</id>
    <height>3.7275969982147217e-02</height>
    <contour2d>
      1.91821799e-01 6.00023150e-01 1.92686856e-01 6.02673769e-01
      1.93579257e-01 6.07180834e-01 1.93236053e-01 6.30391717e-01
      1.90560848e-01 6.53115273e-01 1.79696083e-01 6.55421257e-01
      1.48329318e-01 6.61300421e-01 9.13526714e-02 6.51037335e-01
      9.00091380e-02 6.49205446e-01 8.91957283e-02 6.37741685e-01
      8.96610320e-02 6.13227606e-01 9.05414075e-02 6.06023669e-01
      9.15823728e-02 6.04622960e-01 9.49718505e-02 6.01837158e-01
      1.19271442e-01 5.96764684e-01 1.76807895e-01 5.93793392e-01
      1.79456502e-01 5.93824863e-01 1.85744748e-01 5.94924092e-01
      1.88143253e-01 5.96194386e-01</contour2d>
    <histogram type_id="opencv-matrix">
      <rows>20</rows>
      <cols>1</cols>
      <dt>f</dt>
      <data>
        9.22083948e-03 6.45458745e-03 6.45458745e-03 1.15260491e-02
        9.40525606e-02 1.47072390e-01 9.86629799e-02 1.84416790e-02
        1.47533426e-02 1.84416790e-02 2.95066852e-02 3.31950225e-02
        9.22083948e-03 2.30520987e-03 2.76625180e-03 9.22083913e-04
        2.30520987e-03 2.30520987e-03 6.45458745e-03 4.85938221e-01</data></histogram></_>
  <_><id>2</id>
    <height>3.6663413047790527e-02</height>
    <contour2d>
      1.91047505e-01 6.09844387e-01 1.90997928e-01 6.11589372e-01
      1.85793266e-01 6.36385083e-01 1.59091607e-01 6.60841286e-01
      1.52250856e-01 6.65964901e-01 1.51029214e-01 6.66686058e-01
      1.18552044e-01 6.80717885e-01 1.02552757e-01 6.75286889e-01
      1.01146892e-01 6.74337983e-01 8.84273499e-02 6.51420355e-01
      8.84533972e-02 6.50503039e-01 9.51206982e-02 6.40356660e-01
      1.09053880e-01 6.22495174e-01 1.50090873e-01 5.85194826e-01
      1.55360207e-01 5.84403932e-01 1.69735715e-01 5.86281300e-01
      1.71312898e-01 5.86993217e-01 1.82794794e-01 5.95058978e-01</contour2d>
    <histogram type_id="opencv-matrix">
      <rows>20</rows>
      <cols>1</cols>
      <dt>f</dt>
      <data>
        5.20291389e-04 4.16233111e-03 5.20291389e-04 4.16233111e-03
        1.09261192e-01 1.91467226e-01 9.52133238e-02 4.00624387e-02
        1.61290336e-02 2.08116546e-02 1.82101987e-02 5.72320540e-03
        1.04058273e-02 3.12174833e-03 2.08116556e-03 0. 2.60145683e-03
        1.04058278e-03 5.20291389e-04 4.73985463e-01</data></histogram></_>
  <_><id>3</id>
    <height>3.9788961410522461e-02</height>
    <contour2d>
      1.51290417e-01 5.89459479e-01 1.54440209e-01 6.07015491e-01
      1.55276880e-01 6.28166914e-01 1.55226722e-01 6.29933834e-01
      1.51249141e-01 6.66080654e-01 1.50095731e-01 6.74856305e-01
      1.49267167e-01 6.78971052e-01 1.15493312e-01 6.80843055e-01
      9.99471247e-02 6.78612232e-01 9.96195003e-02 6.78033054e-01
      9.68181714e-02 6.49450183e-01 9.53906327e-02 5.96738815e-01
      1.02513373e-01 5.91348052e-01 1.05765514e-01 5.89460135e-01
      1.16298348e-01 5.83859980e-01 1.26836061e-01 5.81126690e-01
      1.30577862e-01 5.81351995e-01 1.49743155e-01 5.88743091e-01</contour2d>
    <histogram type_id="opencv-matrix">
      <rows>20</rows>
      <cols>1</cols>
      <dt>f</dt>
      <data>
        8.15418828e-03 2.22386955e-03 2.96515948e-03 1.33432178e-02
        6.74573779e-02 1.13417350e-01 7.63528571e-02 2.52038557e-02
        1.40845077e-02 1.11193480e-02 7.41289882e-03 4.44773911e-03
        5.18902903e-03 0. 0. 0. 6.67160889e-03 7.41289870e-04
        9.63676814e-03 6.31578982e-01</data></histogram></_>
  <_><id>4</id>
    <height>3.9914250373840332e-02</height>
    <contour2d>
      1.83418691e-01 6.52126133e-01 1.58524767e-01 6.80422425e-01
      1.55629858e-01 6.81321502e-01 1.54195651e-01 6.81304455e-01
      1.49677396e-01 6.80493414e-01 1.17812999e-01 6.66269839e-01
      1.03560515e-01 6.58184767e-01 8.95485207e-02 6.47888780e-01
      7.88943991e-02 6.38279438e-01 7.56965578e-02 6.28355384e-01
      7.59229884e-02 6.25523448e-01 7.78281689e-02 6.17863357e-01
      9.30422992e-02 5.98122418e-01 9.45693776e-02 5.97121954e-01
      9.53721255e-02 5.96739471e-01 9.72424895e-02 5.96291780e-01
      1.18694283e-01 5.94658792e-01 1.76752836e-01 6.31358206e-01
      1.80036724e-01 6.33731604e-01 1.81880325e-01 6.37045681e-01
      1.83969289e-01 6.42870486e-01</contour2d>
    <histogram type_id="opencv-matrix">
      <rows>20</rows>
      <cols>1</cols>
      <dt>f</dt>
      <data>
        1.07066380e-03 1.60599570e-03 2.14132760e-03 8.56531039e-03
        2.56959312e-02 6.47751614e-02 7.97644556e-02 4.17558886e-02
        2.62312628e-02 3.80085632e-02 2.51605995e-02 9.63597372e-03
        5.88865113e-03 0. 5.35331899e-04 2.14132760e-03 2.14132760e-03
        1.60599570e-03 6.95931446e-03 6.56316936e-01</data></histogram></_>
  <_><id>5</id>
    <height>3.6982655525207520e-02</height>
    <contour2d>
      1.61257371e-01 6.10506892e-01 1.65861830e-01 6.36458993e-01
      1.66303471e-01 6.39717460e-01 1.66277975e-01 6.40615463e-01
      1.52366325e-01 6.59106493e-01 1.38628036e-01 6.64097786e-01
      1.02488428e-01 6.71725512e-01 9.49929953e-02 6.71998501e-01
      9.07127410e-02 6.71947837e-01 8.14904720e-02 6.70915842e-01
      7.30968341e-02 6.69662237e-01 6.39692321e-02 6.59718275e-01
      5.77879995e-02 6.50472879e-01 5.64508662e-02 6.47693038e-01
      5.94562590e-02 6.19451165e-01 6.88071251e-02 6.16301179e-01
      8.32519010e-02 6.12810135e-01 9.63326022e-02 6.09958291e-01
      1.26673698e-01 6.08044028e-01 1.56847939e-01 6.08878613e-01</contour2d>
    <histogram type_id="opencv-matrix">
      <rows>20</rows>
      <cols>1</cols>
      <dt>f</dt>
      <data>
        2.66951416e-03 3.20341717e-03 4.80512576e-03 6.94073690e-03
        2.72290446e-02 7.68820122e-02 9.02295783e-02 2.93646567e-02
        3.04324627e-02 2.34917253e-02 3.63053940e-02 2.13561133e-02
        6.94073690e-03 1.60170859e-03 1.60170859e-03 1.06780569e-03 0.
        2.13561137e-03 8.54244549e-03 6.25200212e-01</data></histogram></_>
  <_><id>6</id>
    <height>3.7233829498291016e-02</height>
    <contour2d>
      1.53509200e-01 6.03380561e-01 1.55747741e-01 6.07978702e-01
      1.55409843e-01 6.10741258e-01 1.54499829e-01 6.13903761e-01
      1.48551047e-01 6.27193928e-01 1.46451712e-01 6.31121755e-01
      1.42210096e-01 6.38125539e-01 1.19236208e-01 6.74135566e-01
      1.02358520e-01 6.88626289e-01 1.00635245e-01 6.89166546e-01
      9.89992768e-02 6.89343929e-01 9.78829861e-02 6.88935041e-01
      7.58716688e-02 6.73385382e-01 6.31301031e-02 6.56881809e-01
      6.27068803e-02 6.56038284e-01 6.27059713e-02 6.51641607e-01
      6.88563809e-02 6.39674902e-01 9.68699902e-02 6.02228284e-01
      1.03527956e-01 5.96394777e-01 1.16713040e-01 5.85248530e-01
      1.19996794e-01 5.84892869e-01 1.24996819e-01 5.85032821e-01
      1.31324202e-01 5.86856723e-01</contour2d>
    <histogram type_id="opencv-matrix">
      <rows>20</rows>
      <cols>1</cols>
      <dt>f</dt>
      <data>
        5.11247432e-04 1.02249486e-03 4.60122712e-03 1.07361963e-02
        4.60122675e-02 1.03783228e-01 8.53783190e-02 4.39672805e-02
        3.32310833e-02 2.55623721e-02 2.60736197e-02 4.70347628e-02
        2.45398767e-02 1.53374230e-03 1.02249486e-03 1.53374230e-03
        1.53374230e-03 1.53374230e-03 1.53374230e-03 5.38854778e-01</data></histogram></_>
  <_><id>7</id>
    <height>3.6804139614105225e-02</height>
    <contour2d>
      1.18724182e-01 5.88917017e-01 1.23862073e-01 6.19290054e-01
      1.17619827e-01 6.72444403e-01 1.16834044e-01 6.77304983e-01
      1.05682723e-01 6.90952063e-01 1.01141393e-01 6.91083968e-01
      7.64049888e-02 6.87196672e-01 7.52416700e-02 6.86804116e-01
      6.29529133e-02 6.72481358e-01 6.14856780e-02 6.69865131e-01
      5.98473474e-02 6.64831281e-01 6.35181442e-02 6.17766678e-01
      6.59859926e-02 5.96993625e-01 6.72559664e-02 5.89559793e-01
      7.42541775e-02 5.87375104e-01 8.81491080e-02 5.83911300e-01
      8.94566551e-02 5.83926797e-01 1.15019053e-01 5.87858200e-01</contour2d>
