<?xml version="1.0"?>
<opencv_storage>
<obj>
  <_><id>1</id>
    <height>5.3744554519653320e-02</height>
    <contour2d>
      -5.12548052e-02 6.44371569e-01 -4.68283258e-02 6.45067573e-01
      -4.22973819e-02 6.46295011e-01 -3.93242687e-02 6.47879660e-01
      -3.63574252e-02 6.49734080e-01 -3.20786983e-02 6.58016562e-01
      -3.97366323e-02 7.28606999e-01 -5.14710993e-02 7.51179159e-01
      -5.47775142e-02 7.54820704e-01 -5.97011149e-02 7.56033480e-01
      -6.44956976e-02 7.54952013e-01 -7.23067746e-02 7.51578033e-01
      -7.99320340e-02 7.47749507e-01 -9.05746520e-02 7.40759254e-01
      -9.18588936e-02 7.36388862e-01 -9.30268168e-02 7.30239153e-01
      -9.41571966e-02 6.73605502e-01 -9.08093005e-02 6.52788937e-01
      -8.75720009e-02 6.48744702e-01 -8.60053003e-02 6.47076845e-01
      -8.44570473e-02 6.46383882e-01</contour2d>
    <histogram type_id="opencv-matrix">
      <rows>20</rows>
      <cols>1</cols>
      <dt>f</dt>
      <data>
        3.99789006e-01 2.00421922e-02 0. 0. 0. 0. 0. 0. 0. 0. 0. 0. 0.
        2.10970454e-03 5.27426135e-03 6.32911362e-03 3.05907167e-02
        2.79535860e-01 1.31856531e-01 1.24472566e-01</data></histogram></_>
  <_><id>2</id>
    <height>5.5131733417510986e-02</height>
    <contour2d>
      -7.82702398e-03 7.30336130e-01 -2.58862413e-02 7.46556401e-01
      -2.74877939e-02 7.47310221e-01 -4.35784198e-02 7.53490508e-01
      -5.81329390e-02 7.56802499e-01 -5.97708523e-02 7.56491661e-01
      -1.09568663e-01 6.91966057e-01 -1.38845205e-01 6.48252666e-01
      -1.36782959e-01 6.18689001e-01 -1.35319740e-01 6.18693411e-01
      -6.15379512e-02 6.45251989e-01 -1.58541240e-02 7.06968129e-01
      -8.11926834e-03 7.22507060e-01</contour2d>
    <histogram type_id="opencv-matrix">
      <rows>20</rows>
      <cols>1</cols>
      <dt>f</dt>
      <data>
        4.57898945e-01 3.04731354e-02 5.61347231e-03 1.60384923e-03
        1.60384923e-03 0. 0. 0. 0. 0. 8.01924616e-04 4.81154770e-03
        4.00962308e-03 2.40577385e-03 3.20769846e-03 2.40577385e-02
        5.93424216e-02 3.23977530e-01 2.32558139e-02 5.69366477e-02</data></histogram></_>
  <_><id>3</id>
    <height>5.4831862449645996e-02</height>
    <contour2d>
      -4.35207412e-02 7.46477544e-01 -4.23537120e-02 7.52442479e-01
      -4.24478874e-02 7.54308820e-01 -5.76668829e-02 7.87380159e-01
      -5.93732372e-02 7.89250612e-01 -6.43765479e-02 7.91113615e-01
      -6.93163276e-02 7.91098833e-01 -8.56887698e-02 7.89171636e-01
      -1.59137964e-01 7.76612401e-01 -1.58639103e-01 7.59126365e-01
      -1.57971263e-01 7.53962100e-01 -1.44931868e-01 7.20466256e-01
      -1.41052201e-01 7.18947172e-01 -1.35372058e-01 7.16988266e-01
      -1.29224926e-01 7.17740417e-01 -1.03156149e-01 7.25381255e-01
      -7.53479153e-02 7.33905256e-01 -4.51229736e-02 7.43699193e-01</contour2d>
    <histogram type_id="opencv-matrix">
      <rows>20</rows>
      <cols>1</cols>
      <dt>f</dt>
      <data>
        4.50672656e-01 2.46636774e-02 1.19581465e-02 4.48430516e-03
        7.47384154e-04 0. 2.24215258e-03 0. 2.98953662e-03
        1.49476831e-03 8.22122581e-03 3.73692065e-03 3.73692065e-03
        2.24215258e-03 2.98953662e-03 1.34529145e-02 2.54110619e-02
        3.45291466e-01 1.79372206e-02 7.77279511e-02</data></histogram></_>
  <_><id>4</id>
    <height>5.5136859416961670e-02</height>
    <contour2d>
      -5.59155196e-02 7.71846592e-01 -5.59022427e-02 7.77228177e-01
      -5.75799718e-02 7.79412091e-01 -8.29450488e-02 7.96868622e-01
      -1.15842499e-01 8.18805099e-01 -1.17631793e-01 8.19599509e-01
      -1.24386601e-01 8.21815431e-01 -1.29444286e-01 8.22918415e-01
      -1.32804826e-01 8.22908282e-01 -1.43828735e-01 8.16634059e-01
      -1.47009239e-01 8.14712882e-01 -1.63318887e-01 7.99441993e-01
      -1.65251762e-01 7.97240853e-01 -1.56303346e-01 7.66927183e-01
      -9.31210965e-02 7.36497521e-01 -9.13950056e-02 7.36025095e-01
      -8.70075598e-02 7.36162841e-01 -7.78441355e-02 7.43507981e-01</contour2d>
    <histogram type_id="opencv-matrix">
      <rows>20</rows>
      <cols>1</cols>
      <dt>f</dt>
      <data>
        4.40466940e-01 4.35797647e-02 2.17898823e-02 6.22568093e-03
        7.78210117e-04 2.33463035e-03 0. 1.55642023e-03 1.55642023e-03
        1.01167317e-02 1.32295722e-02 8.56031105e-03 7.00389128e-03
        2.33463035e-03 2.33463035e-03 3.89105058e-03 2.41245143e-02
        3.71984422e-01 3.11284047e-03 3.50194536e-02</data></histogram></_>
  <_><id>5</id>
    <height>5.6453704833984375e-02</height>
    <contour2d>
      2.57623941e-03 7.29934156e-01 7.61532970e-03 7.63105869e-01
      7.65635632e-03 7.68635511e-01 6.01999089e-03 8.00900638e-01
      4.74001653e-03 8.08153510e-01 -1.01075266e-02 8.19911778e-01
      -3.54461670e-02 8.25433314e-01 -3.71184386e-02 8.24628592e-01
      -4.03355435e-02 8.18702400e-01 -5.35226054e-02 7.41441548e-01
      -5.33925146e-02 7.40668654e-01 -5.17806634e-02 7.37812817e-01
      -5.11898734e-02 7.37258613e-01 -4.48340848e-02 7.33158529e-01
      -4.16179933e-02 7.32427001e-01 -2.88590696e-02 7.30510116e-01
      -9.83595289e-03 7.29870379e-01</contour2d>
    <histogram type_id="opencv-matrix">
      <rows>20</rows>
      <cols>1</cols>
      <dt>f</dt>
      <data>
        3.89473706e-01 1.18421055e-02 0. 0. 0. 0. 0. 0. 0. 0. 0. 0. 0.
        1.31578953e-03 1.31578953e-03 1.31578948e-02 3.15789506e-02
        5.09210527e-01 0. 4.21052650e-02</data></histogram></_>
  <_><id>6</id>
    <height>5.7343423366546631e-02</height>
    <contour2d>
      9.46151689e-02 7.50534415e-01 9.35840607e-02 7.62472093e-01
      7.23854452e-02 7.78692365e-01 5.96897006e-02 7.82081962e-01
      4.56143394e-02 7.85345435e-01 1.90494601e-02 7.77157962e-01
      -2.04358436e-03 7.68907368e-01 -2.10168287e-02 7.56951988e-01
      -2.09769905e-02 7.53273189e-01 -1.62568353e-02 7.40983546e-01
      3.11865285e-03 7.13780284e-01 7.52000697e-03 7.09694803e-01
      1.08024571e-02 7.08745658e-01 1.33645255e-02 7.08330989e-01
      1.49138179e-02 7.08335638e-01 2.82955375e-02 7.12739110e-01
      2.99315471e-02 7.13467836e-01</contour2d>
    <histogram type_id="opencv-matrix">
      <rows>20</rows>
      <cols>1</cols>
      <dt>f</dt>
      <data>
        4.36936945e-01 1.95195191e-02 7.50750769e-03 0. 2.25225231e-03
        1.50150154e-03 2.25225231e-03 1.50150154e-03 6.00600615e-03
        8.25825892e-03 6.75675692e-03 4.50450461e-03 3.75375384e-03
        3.00300308e-03 9.00900923e-03 5.25525538e-03 3.22822817e-02
        3.98648649e-01 3.75375384e-03 4.72972989e-02</data></histogram></_>
  <_><id>7</id>
    <height>5.4396986961364746e-02</height>
    <contour2d>
      1.32897258e-01 6.91652179e-01 1.33380994e-01 7.11920381e-01
      1.29227951e-01 7.18246639e-01 9.70487595e-02 7.41905153e-01
      6.01781234e-02 7.61546552e-01 5.85801825e-02 7.61541784e-01
      5.36181182e-02 7.59982228e-01 4.44000140e-02 7.53754795e-01
      2.76179537e-02 7.25044727e-01 2.59139203e-02 7.19294667e-01
      2.66316086e-02 7.14113057e-01 9.02972817e-02 6.74200356e-01
      1.05361685e-01 6.69509888e-01 1.14445418e-01 6.69447839e-01
      1.19139552e-01 6.71261191e-01</contour2d>
    <histogram type_id="opencv-matrix">
      <rows>20</rows>
      <cols>1</cols>
      <dt>f</dt>
      <data>
        4.29012358e-01 1.77469142e-02 1.08024692e-02 4.62962966e-03
        2.31481483e-03 0. 7.71604944e-04 1.54320989e-03 0. 0.
        5.40123461e-03 1.15740746e-02 3.85802472e-03 0. 3.85802472e-03
        6.94444450e-03 4.16666679e-02 4.18981493e-01 6.94444450e-03
        3.39506194e-02</data></histogram></_>
  <_><id>8</id>
    <height>5.6173682212829590e-02</height>
    <contour2d>
      9.62490588e-02 6.50143981e-01 9.74265113e-02 6.53644085e-01
      1.01091906e-01 7.04418063e-01 9.67756659e-02 7.31261611e-01
      9.29888710e-02 7.45686769e-01 4.64179516e-02 7.83232570e-01
      4.44273576e-02 7.52685368e-01 4.37344238e-02 7.36954570e-01
      4.30014506e-02 6.72974169e-01 4.30458486e-02 6.70027018e-01
