<?xml version="1.0"?>
<opencv_storage>
<obj>
  <_><id>1</id>
    <height>5.6720733642578125e-02</height>
    <contour2d>
      -5.04694730e-02 6.25694215e-01 -4.97535318e-02 6.26226008e-01
      -4.71868142e-02 6.34440899e-01 -4.99920025e-02 7.13790655e-01
      -5.17034121e-02 7.17799962e-01 -5.81187792e-02 7.24894345e-01
      -6.30470067e-02 7.29683816e-01 -9.69150960e-02 7.26562619e-01
      -1.04735047e-01 7.25229561e-01 -1.08304523e-01 7.12321043e-01
      -1.09314479e-01 7.04258084e-01 -1.05826788e-01 6.30657613e-01
      -1.01471119e-01 6.24571204e-01 -9.98030752e-02 6.23233199e-01
      -9.66923833e-02 6.21899605e-01 -9.37921405e-02 6.21908307e-01
      -8.10353532e-02 6.22692585e-01 -5.48276715e-02 6.24711156e-01</contour2d>
    <histogram type_id="opencv-matrix">
      <rows>20</rows>
      <cols>1</cols>
      <dt>f</dt>
      <data>
        0. 0. 6.44937605e-02 1.34535372e-01 5.75589463e-02
        2.08044378e-03 0. 6.93481299e-04 0. 6.93481299e-04
        6.93481299e-04 0. 0. 0. 0. 0. 0. 0. 6.93481266e-02
        6.69902921e-01</data></histogram></_>
  <_><id>2</id>
    <height>5.7145595550537109e-02</height>
    <contour2d>
      -2.21951529e-02 7.06074655e-01 -2.54266299e-02 7.10801065e-01
      -6.48590103e-02 7.34775841e-01 -6.64232671e-02 7.34771192e-01
      -7.23379627e-02 7.29931772e-01 -7.82197416e-02 7.23800361e-01
      -8.10696110e-02 7.20508516e-01 -1.06187761e-01 6.89926982e-01
      -1.23788655e-01 6.54568851e-01 -1.25064835e-01 6.50948763e-01
      -1.24760590e-01 6.47604525e-01 -1.02036014e-01 6.29874825e-01
      -9.87919345e-02 6.27862573e-01 -9.59395096e-02 6.26597762e-01
      -8.38659778e-02 6.22010648e-01 -8.07264894e-02 6.20978057e-01
      -7.77491033e-02 6.20316744e-01 -7.20142275e-02 6.24188960e-01
      -3.85703146e-02 6.75527394e-01 -2.37655137e-02 7.01462686e-01</contour2d>
    <histogram type_id="opencv-matrix">
      <rows>20</rows>
      <cols>1</cols>
      <dt>f</dt>
      <data>
        4.75866767e-03 1.49558121e-02 1.43439844e-01 1.62474513e-01
        9.99320224e-02 2.03942899e-02 1.01971449e-02 4.75866767e-03
        6.79809647e-03 3.39904823e-03 5.43847727e-03 3.39904823e-03
        2.03942903e-03 0. 0. 0. 0. 0. 2.10740995e-02 4.96940851e-01</data></histogram></_>
  <_><id>3</id>
    <height>5.7405591011047363e-02</height>
    <contour2d>
      -3.51455584e-02 6.61251962e-01 -3.51969525e-02 6.63937986e-01
      -4.04684767e-02 7.00772166e-01 -4.51122895e-02 7.06817031e-01
      -5.14273643e-02 7.11275220e-01 -6.37937337e-02 7.11434722e-01
      -1.40184164e-01 6.99262798e-01 -1.41680852e-01 6.98252261e-01
      -1.42867833e-01 6.95767641e-01 -1.44173875e-01 6.92019343e-01
      -1.43247098e-01 6.58593237e-01 -1.42081708e-01 6.49005353e-01
      -1.40739501e-01 6.47749662e-01 -1.37218043e-01 6.46927059e-01
      -1.26322791e-01 6.46373928e-01 -6.07553869e-02 6.54181182e-01
      -3.66283171e-02 6.58391118e-01</contour2d>
    <histogram type_id="opencv-matrix">
      <rows>20</rows>
      <cols>1</cols>
      <dt>f</dt>
      <data>
        4.99286735e-03 8.55920091e-03 8.84450823e-02 1.34807423e-01
        1.02710418e-01 3.56633402e-02 1.14122685e-02 5.70613425e-03
        2.85306713e-03 1.42653356e-03 5.70613425e-03 7.13266805e-03 0.
        1.42653356e-03 0. 0. 0. 0. 9.34379473e-02 4.95720416e-01</data></histogram></_>
  <_><id>4</id>
    <height>5.8374583721160889e-02</height>
    <contour2d>
      -3.08544096e-02 6.70180917e-01 -3.09365299e-02 6.72825634e-01
      -4.31931615e-02 6.89581335e-01 -9.68614817e-02 7.44180262e-01
      -1.07902996e-01 7.44147122e-01 -1.46539614e-01 7.26316690e-01
      -1.38797387e-01 7.08421290e-01 -8.67999643e-02 6.49118543e-01
      -7.77099654e-02 6.39946282e-01 -7.46700838e-02 6.37600124e-01
      -6.94536716e-02 6.39074445e-01 -6.29849583e-02 6.42286897e-01
      -5.86200655e-02 6.44957483e-01</contour2d>
    <histogram type_id="opencv-matrix">
      <rows>20</rows>
      <cols>1</cols>
      <dt>f</dt>
      <data>
        1.57068064e-03 1.30890049e-02 5.28795831e-02 1.20418847e-01
        1.26178011e-01 3.24607342e-02 1.20418854e-02 8.37696344e-03
        5.75916236e-03 6.80628279e-03 6.28272258e-03 6.28272258e-03
        2.61780107e-03 0. 0. 0. 0. 0. 1.25654452e-02 5.92670143e-01</data></histogram></_>
  <_><id>5</id>
    <height>5.6448400020599365e-02</height>
    <contour2d>
      -4.80715483e-02 6.42242551e-01 -4.66462299e-02 6.43915594e-01
      -4.56526652e-02 6.72904432e-01 -4.77473065e-02 7.37094164e-01
      -5.11460938e-02 7.45074570e-01 -5.27411588e-02 7.46120751e-01
      -5.59893250e-02 7.47638285e-01 -5.75722978e-02 7.47633576e-01
      -8.11083466e-02 7.46322155e-01 -1.00005031e-01 7.44166374e-01
      -1.05921566e-01 7.36631811e-01 -1.06918305e-01 6.48819685e-01
      -1.05181098e-01 6.44503534e-01 -1.02310389e-01 6.42272294e-01
      -8.50347281e-02 6.40849888e-01 -6.56973124e-02 6.39542401e-01
      -5.24857081e-02 6.41246915e-01</contour2d>
    <histogram type_id="opencv-matrix">
      <rows>20</rows>
      <cols>1</cols>
      <dt>f</dt>
      <data>
        0. 3.70370364e-03 5.07936515e-02 1.20105825e-01 1.27513230e-01
        1.32275131e-02 6.87830709e-03 3.17460322e-03 2.11640215e-03 0.
        0. 0. 5.29100536e-04 0. 0. 0. 0. 0. 2.96296291e-02
        6.42328024e-01</data></histogram></_>
  <_><id>6</id>
    <height>5.6618452072143555e-02</height>
    <contour2d>
      2.68238392e-02 9.35450137e-01 2.49018241e-02 9.36710775e-01
      -8.58276784e-02 8.76030147e-01 -8.37189406e-02 8.24684799e-01
      -8.22062418e-02 8.23231280e-01 -4.86788079e-02 8.04760218e-01
      -4.00558785e-02 8.00129592e-01 -3.66386101e-02 7.99266875e-01
      -2.99463533e-02 8.00615430e-01 2.90705059e-02 8.23233128e-01</contour2d>
    <histogram type_id="opencv-matrix">
      <rows>20</rows>
      <cols>1</cols>
      <dt>f</dt>
      <data>
        8.90207663e-03 1.11275967e-02 5.63798212e-02 1.54302672e-01
        1.95103854e-01 2.81899106e-02 8.90207663e-03 5.19287819e-03
        2.22551916e-03 2.22551916e-03 0. 1.03857564e-02 3.70919891e-03
        0. 0. 1.48367952e-03 1.48367952e-03 0. 1.48367956e-02
        4.95548964e-01</data></histogram></_>
  <_><id>7</id>
    <height>5.6963145732879639e-02</height>
    <contour2d>
      2.90705021e-02 8.23232651e-01 1.25464648e-02 8.60965014e-01
      7.25209527e-03 8.63598645e-01 2.08617188e-03 8.65225017e-01
      -2.93382928e-02 8.72044027e-01 -3.10915411e-02 8.72038782e-01
      -6.59849048e-02 8.68305206e-01 -8.47425908e-02 8.61012876e-01
      -9.29838642e-02 8.54597688e-01 -9.43614393e-02 8.50185633e-01
      -9.74195674e-02 8.32947969e-01 -9.00114849e-02 8.11982870e-01
      -7.35828951e-02 8.09844017e-01 1.20798312e-02 8.13856840e-01</contour2d>
    <histogram type_id="opencv-matrix">
      <rows>20</rows>
      <cols>1</cols>
      <dt>f</dt>
      <data>
        2.11416488e-03 9.16138105e-03 6.83579966e-02 1.45877376e-01
        1.13460176e-01 2.81888638e-02 1.26849888e-02 1.40944321e-03 0.
        0. 1.40944321e-03 1.40944321e-03 1.40944321e-03 7.04721606e-04
        0. 0. 0. 0. 6.48343861e-02 5.48978150e-01</data></histogram></_>
  <_><id>8</id>
    <height>5.6017637252807617e-02</height>
    <contour2d>
      3.98066267e-03 7.97026157e-01 4.41133045e-03 8.08923244e-01
      -6.10823259e-02 8.76761019e-01 -6.46495670e-02 8.77574921e-01
      -6.98214769e-02 8.75910103e-01 -1.04387715e-01 8.55688930e-01
      -1.05919175e-01 8.44562292e-01 -1.05790123e-01 8.41441929e-01
      -8.36653262e-02 8.12044442e-01 -4.62784618e-02 7.74668694e-01
      -4.45480645e-02 7.73166537e-01 -4.24961559e-02 7.71740675e-01
      -3.60174440e-02 7.69849658e-01 -2.78908592e-02 7.73781836e-01
      -2.12386213e-02 7.77365565e-01</contour2d>
    <histogram type_id="opencv-matrix">
      <rows>20</rows>
      <cols>1</cols>
      <dt>f</dt>
      <data>
        5.08582313e-03 1.78003814e-02 7.18372539e-02 1.60839155e-01
        8.13731700e-02 1.71646532e-02 2.22504754e-02 6.99300691e-03
