<?xml version="1.0"?>
<opencv_storage>
<obj>
  <_><id>1</id>
    <height>3.1779527664184570e-02</height>
    <contour2d>
      3.19421738e-02 5.83214402e-01 2.71310266e-02 6.21126294e-01
      2.30932068e-02 6.26431406e-01 -1.50976345e-01 6.23700559e-01
      -2.10901156e-01 6.18205965e-01 -2.32109144e-01 6.14722729e-01
      -2.38826752e-01 6.13084733e-01 -2.40766108e-01 6.10698819e-01
      -2.46161714e-01 5.99853098e-01 -2.38353312e-01 5.71453452e-01
      -2.32261047e-01 5.70193589e-01 -1.30921856e-01 5.70859432e-01
      -4.41535711e-02 5.72312355e-01 3.02009825e-02 5.76569319e-01</contour2d>
    <histogram type_id="opencv-matrix">
      <rows>20</rows>
      <cols>1</cols>
      <dt>f</dt>
      <data>
        1.31250005e-02 1.37499999e-02 4.58333362e-03 3.95833328e-03
        2.08333344e-03 6.24999986e-04 8.33333354e-04 1.24999997e-03
        2.08333344e-03 7.91666657e-03 2.70833336e-02 2.08750010e-01
        1.53750002e-01 1.50000006e-02 4.16666688e-03 3.12500005e-03
        1.66666671e-03 7.08333356e-03 5.41666662e-03 5.23750007e-01</data></histogram></_>
  <_><id>2</id>
    <height>3.4885346889495850e-02</height>
    <contour2d>
      3.46443802e-02 6.96406543e-01 2.99491230e-02 7.02518702e-01
      9.76467505e-04 7.26643384e-01 -5.87794930e-04 7.26638675e-01
      -3.45680937e-02 7.05548286e-01 -1.42899409e-01 6.24834120e-01
      -2.01567650e-01 5.76926827e-01 -2.03744307e-01 5.73806763e-01
      -2.04786390e-01 5.69549918e-01 -2.04718575e-01 5.65048873e-01
      -1.80888563e-01 5.35656691e-01 -1.79343417e-01 5.35043359e-01
      -1.74459144e-01 5.34697056e-01 -1.71802148e-01 5.34704983e-01
      -1.67632312e-01 5.35872579e-01 -1.30231231e-01 5.63753963e-01
      -9.91947204e-02 5.87273002e-01 -1.56454109e-02 6.52095139e-01
      3.20175812e-02 6.90778494e-01 3.49143371e-02 6.93458557e-01</contour2d>
    <histogram type_id="opencv-matrix">
      <rows>20</rows>
      <cols>1</cols>
      <dt>f</dt>
      <data>
        7.99451862e-03 5.02512557e-03 6.39561471e-03 3.65463691e-03
        1.14207400e-03 1.37048890e-03 1.37048890e-03 1.82731845e-03
        3.88305169e-03 1.02786664e-02 4.15714942e-02 2.06943810e-01
        1.52352676e-01 1.55322067e-02 8.67976248e-03 1.82731845e-03
        1.82731845e-03 5.02512557e-03 1.14207400e-03 5.22156239e-01</data></histogram></_>
  <_><id>3</id>
    <height>3.2328307628631592e-02</height>
    <contour2d>
      7.51579702e-02 8.03154230e-01 6.52537420e-02 8.02798629e-01
      3.68034393e-02 8.00817728e-01 3.51511389e-02 7.99702168e-01
      3.30284983e-02 7.88257241e-01 2.46217493e-02 7.18083262e-01
      1.73470583e-02 5.82679033e-01 1.68172661e-02 5.63647985e-01
      1.93071906e-02 5.47654152e-01 2.08382364e-02 5.42708635e-01
      2.33993363e-02 5.40593982e-01 5.27792722e-02 5.37758827e-01
      6.06239885e-02 5.38937569e-01 6.35858700e-02 5.40141582e-01
      6.44924417e-02 5.41753292e-01 6.49515688e-02 5.45146585e-01
      7.19930157e-02 6.36564255e-01 7.63805062e-02 7.08667755e-01
      8.00483525e-02 7.73784637e-01 8.01051930e-02 7.99054742e-01
      7.85295591e-02 8.00943017e-01</contour2d>
    <histogram type_id="opencv-matrix">
      <rows>20</rows>
      <cols>1</cols>
      <dt>f</dt>
      <data>
        7.88643491e-04 2.62881164e-04 1.05152465e-03 0. 0.
        1.05152465e-03 0. 0. 2.36593047e-03 4.99474211e-03
        2.07676124e-02 2.37907454e-01 1.88748673e-01 1.05152465e-02
        1.05152465e-03 1.05152465e-03 5.25762327e-04 2.62881164e-04
        5.25762327e-04 5.28128266e-01</data></histogram></_>
  <_><id>4</id>
    <height>3.3768951892852783e-02</height>
    <contour2d>
      1.93872437e-01 6.68671608e-01 1.94939330e-01 6.70476675e-01
      1.95335165e-01 6.71686769e-01 1.95686534e-01 6.74854159e-01
      1.42884523e-01 7.32604027e-01 6.45996332e-02 8.17849278e-01
      1.99029315e-02 8.61694932e-01 7.61262514e-03 8.62824798e-01
      -2.01783627e-02 8.36430669e-01 -2.00983901e-02 8.33053827e-01
      -1.84150636e-02 8.30963373e-01 3.65242735e-02 7.71018147e-01
      6.50698394e-02 7.40918517e-01 1.47855163e-01 6.55886889e-01
      1.59592211e-01 6.47113919e-01 1.62029788e-01 6.46002054e-01
      1.63498625e-01 6.46006346e-01 1.66421562e-01 6.46992564e-01
      1.73266813e-01 6.49788618e-01</contour2d>
    <histogram type_id="opencv-matrix">
      <rows>20</rows>
      <cols>1</cols>
      <dt>f</dt>
      <data>
        4.04390506e-03 8.08781013e-03 4.04390506e-03 2.31080293e-03
        5.77700732e-04 5.77700732e-04 2.88850366e-04 0. 1.44425186e-03
        4.62160585e-03 2.36857291e-02 2.86539555e-01 1.83997676e-01
        1.64644700e-02 2.88850372e-03 2.88850366e-04 2.88850372e-03
        2.31080293e-03 2.88850366e-04 4.54650462e-01</data></histogram></_>
  <_><id>5</id>
    <height>3.3051311969757080e-02</height>
    <contour2d>
      1.45185113e-01 8.50253522e-01 1.41991720e-01 8.55335951e-01
      1.32515743e-01 8.69150996e-01 1.27530590e-01 8.71940732e-01
      1.20480180e-01 8.71919572e-01 6.34847060e-02 8.58233511e-01
      -6.91248924e-02 8.16660702e-01 -1.26817778e-01 7.96667337e-01
      -1.27027780e-01 7.95994997e-01 -1.26679242e-01 7.94778526e-01
      -1.15697227e-01 7.66877830e-01 -1.11026756e-01 7.55804002e-01
      -9.53634381e-02 7.55453348e-01 -9.05408859e-02 7.56541133e-01
      2.40130648e-02 7.90597618e-01 1.43394664e-01 8.32245827e-01
      1.45293459e-01 8.33045006e-01 1.46290243e-01 8.39123368e-01</contour2d>
    <histogram type_id="opencv-matrix">
      <rows>20</rows>
      <cols>1</cols>
      <dt>f</dt>
      <data>
        1.97547674e-02 8.17438681e-03 3.74659384e-03 1.36239780e-03
        1.36239780e-03 3.40599450e-04 2.38419604e-03 2.04359670e-03
        5.10899164e-03 1.05585828e-02 3.03133503e-02 2.35013619e-01
        1.52247950e-01 9.19618551e-03 4.08719340e-03 3.40599450e-04
        6.81198901e-04 1.70299725e-03 1.36239780e-03 5.10217965e-01</data></histogram></_>
  <_><id>6</id>
    <height>3.2768011093139648e-02</height>
    <contour2d>
      -5.65209538e-02 9.99378145e-01 -6.23783767e-02 1.00065565e+00
      -6.43243492e-02 1.00064981e+00 -7.37116858e-02 9.94147420e-01
      -1.70698255e-01 7.66260266e-01 -1.73326567e-01 7.58568823e-01
      -1.74077272e-01 7.52616346e-01 -1.74060941e-01 7.51533091e-01
      -1.49985373e-01 7.39523172e-01 -1.40127853e-01 7.36995637e-01
      -1.35622501e-01 7.37446785e-01 -1.31110609e-01 7.38955200e-01
      -1.14776030e-01 7.62062550e-01 -8.20837915e-02 8.30418646e-01
      -2.88041309e-02 9.63949800e-01 -2.88314279e-02 9.65615332e-01
      -3.67272273e-02 9.81821477e-01 -3.86882201e-02 9.83952522e-01
      -4.26260643e-02 9.87799287e-01</contour2d>
    <histogram type_id="opencv-matrix">
      <rows>20</rows>
      <cols>1</cols>
      <dt>f</dt>
      <data>
        8.78945272e-03 4.39472636e-03 5.59328776e-03 1.99760287e-03
        3.99520562e-04 7.99041125e-04 3.99520562e-04 1.59808225e-03
        1.19856163e-03 6.79184962e-03 2.27726717e-02 1.79784253e-01
        1.90171793e-01 1.63803436e-02 2.39712326e-03 2.39712326e-03
        2.79664388e-03 3.19616450e-03 1.99760287e-03 5.46144605e-01</data></histogram></_>
  <_><id>7</id>
    <height>3.0379772186279297e-02</height>
    <contour2d>
      -8.06555673e-02 6.89415574e-01 -6.20482415e-02 7.21372545e-01
      -6.18524253e-02 7.21926808e-01 -6.17755875e-02 7.24958003e-01
      -6.81804866e-02 7.32269108e-01 -1.17248408e-01 7.69350827e-01
      -2.55156994e-01 8.69259655e-01 -2.72181422e-01 8.77184153e-01
      -2.79269248e-01 8.77163053e-01 -2.82795399e-01 8.75973344e-01
      -3.01150054e-01 8.55519116e-01 -3.03697914e-01 8.51925671e-01
      -3.06206077e-01 8.47186863e-01 -3.06136608e-01 8.42575014e-01
      -1.89529330e-01 7.56653965e-01 -1.39761388e-01 7.21466362e-01
      -9.95058119e-02 6.93558991e-01 -9.76013914e-02 6.92756414e-01
      -8.94717500e-02 6.90212846e-01 -8.37429315e-02 6.89406395e-01</contour2d>
    <histogram type_id="opencv-matrix">
      <rows>20</rows>
      <cols>1</cols>
      <dt>f</dt>
      <data>
