<?xml version="1.0"?>
<opencv_storage>
<obj>
  <_><id>1</id>
    <height>1.3458538055419922e-01</height>
    <contour2d>
      8.49010237e-03 7.36908257e-01 -8.05953611e-03 7.57862985e-01
      -2.62972098e-02 7.78511405e-01 -3.12897786e-02 7.80124247e-01
      -6.50510192e-02 7.89673150e-01 -8.36207122e-02 7.88213789e-01
      -1.29881710e-01 7.67901421e-01 -1.31366387e-01 7.64950633e-01
      -1.31300434e-01 7.60572791e-01 -1.05203196e-01 6.95134521e-01
      -1.01015404e-01 6.84974551e-01 -9.42859352e-02 6.77371383e-01
      -9.27286744e-02 6.76349998e-01 -8.96296054e-02 6.75333261e-01
      -8.65459889e-02 6.75342441e-01 -3.26334573e-02 6.77924633e-01
      -2.80311815e-02 6.80322647e-01 -2.49928162e-02 6.84169352e-01</contour2d>
    <histogram type_id="opencv-matrix">
      <rows>20</rows>
      <cols>1</cols>
      <dt>f</dt>
      <data>
        3.37932981e-03 8.44832417e-03 1.35173192e-02 1.15460437e-02
        3.09771905e-03 1.12644327e-03 5.63221634e-04 8.44832452e-04
        2.81610817e-04 2.81610817e-04 8.44832452e-04 3.37932981e-03
        2.25288654e-03 0. 0. 0. 0. 2.81610817e-04 1.12644327e-03
        9.49028432e-01</data></histogram></_>
  <_><id>2</id>
    <height>1.3609504699707031e-01</height>
    <contour2d>
      -1.39154494e-04 7.92088211e-01 -1.66088752e-02 7.90159523e-01
      -4.64442000e-02 7.81931460e-01 -1.05232209e-01 7.15665817e-01
      -1.06692210e-01 7.12819695e-01 -1.00303344e-01 6.99276268e-01
      -4.65152562e-02 5.89902520e-01 -4.50913310e-02 5.89906812e-01
      1.23268887e-02 7.11887836e-01 1.62261035e-02 7.39349186e-01
      1.62964705e-02 7.44800448e-01 1.14152040e-02 7.82119513e-01
      9.78753716e-03 7.83984005e-01 6.49297424e-03 7.86941648e-01</contour2d>
    <histogram type_id="opencv-matrix">
      <rows>20</rows>
      <cols>1</cols>
      <dt>f</dt>
      <data>
        5.04254643e-03 1.04002524e-02 1.92247089e-02 1.38670029e-02
        9.45477455e-04 0. 0. 0. 0. 3.15159152e-04 0. 2.83643231e-03
        1.26063661e-03 0. 3.15159152e-04 0. 6.30318304e-04
        3.15159152e-04 6.30318280e-03 9.38543975e-01</data></histogram></_>
  <_><id>3</id>
    <height>1.3715887069702148e-01</height>
    <contour2d>
      4.59294617e-02 7.18156338e-01 4.28499207e-02 7.21993804e-01
      4.11924347e-02 7.23309636e-01 3.65177467e-02 7.24329054e-01
      -9.70665179e-03 7.31843412e-01 -8.25424567e-02 7.18790948e-01
      -9.19637531e-02 7.07876384e-01 -8.87659639e-02 6.62978411e-01
      -8.70559290e-02 6.60593450e-01 -7.90570006e-02 6.56173050e-01
      -7.44363442e-02 6.54495656e-01 -1.55387875e-02 6.43480837e-01
      -1.40512418e-02 6.43485308e-01 -2.07601674e-03 6.50601923e-01
      1.60423946e-02 6.62806094e-01 2.21859459e-02 6.67935729e-01
      4.23363373e-02 6.94384515e-01 4.54980209e-02 6.99933231e-01
      4.66755331e-02 7.05912650e-01 4.68817502e-02 7.10172713e-01</contour2d>
    <histogram type_id="opencv-matrix">
      <rows>20</rows>
      <cols>1</cols>
      <dt>f</dt>
      <data>
        2.10084044e-03 1.40056023e-02 3.11624650e-02 1.43557424e-02
        3.85154062e-03 7.00280129e-04 7.00280129e-04 1.05042022e-03
        1.05042022e-03 0. 1.40056026e-03 4.20168089e-03 7.00280129e-04
        1.05042022e-03 1.40056026e-03 7.00280129e-04 1.05042022e-03
        8.75350181e-03 7.35294120e-03 9.04411793e-01</data></histogram></_>
  <_><id>4</id>
    <height>1.3774245977401733e-01</height>
    <contour2d>
      3.23462114e-02 6.28749311e-01 3.94445732e-02 6.33881688e-01
      6.85430244e-02 6.86299205e-01 6.84814379e-02 6.90383136e-01
      5.98424077e-02 7.01558411e-01 -4.79491353e-02 7.71709681e-01
      -5.63460663e-02 7.35171854e-01 -5.87538928e-02 7.17812061e-01
      -5.89179844e-02 6.77850008e-01 -5.66259101e-02 6.67703569e-01
      -4.57806811e-02 6.55271411e-01 7.50078447e-03 6.27881527e-01
      1.17424410e-02 6.27490163e-01 3.08311377e-02 6.28065825e-01</contour2d>
    <histogram type_id="opencv-matrix">
      <rows>20</rows>
      <cols>1</cols>
      <dt>f</dt>
      <data>
        1.39860134e-03 2.37762239e-02 3.12354304e-02 5.12820529e-03
        1.86480186e-03 0. 0. 0. 0. 0. 1.86480186e-03 2.33100238e-03
        2.79720267e-03 0. 9.32400930e-04 0. 1.39860134e-03 0. 0.
        9.27272737e-01</data></histogram></_>
  <_><id>5</id>
    <height>1.3327866792678833e-01</height>
    <contour2d>
      4.07687910e-02 6.63694680e-01 3.97552587e-02 7.02974081e-01
      3.90947163e-02 7.18746722e-01 3.67142260e-02 7.29762197e-01
      3.53457406e-02 7.32330024e-01 3.09032872e-02 7.35094965e-01
      1.26149356e-02 7.32626855e-01 -3.15356776e-02 7.19906628e-01
      -7.05502480e-02 7.07590044e-01 -7.78626055e-02 7.00113773e-01
      -7.76662081e-02 6.91162586e-01 -7.73157626e-02 6.84214354e-01
      -7.54814148e-02 6.80365980e-01 -6.21773079e-02 6.60398126e-01
      -4.45231237e-02 6.35517180e-01 -3.86760272e-02 6.30064428e-01
      -2.85328776e-02 6.25013888e-01 -2.13691276e-02 6.23293161e-01
      -1.70805063e-02 6.23306036e-01 -8.48212931e-03 6.27975047e-01</contour2d>
    <histogram type_id="opencv-matrix">
      <rows>20</rows>
      <cols>1</cols>
      <dt>f</dt>
      <data>
        0. 1.87421907e-02 3.04039977e-02 5.41441049e-03 4.16493131e-04
        0. 0. 0. 0. 0. 8.32986261e-04 1.24947936e-03 2.49895873e-03
        4.16493131e-04 0. 0. 0. 0. 0. 9.40024972e-01</data></histogram></_>
  <_><id>6</id>
    <height>1.3382321596145630e-01</height>
    <contour2d>
      7.10034519e-02 7.00594902e-01 5.58790751e-02 7.05152154e-01
      4.08130474e-02 7.06195712e-01 3.20091732e-02 7.06512332e-01
      -1.78148467e-02 7.02668905e-01 -4.17498313e-02 6.94850624e-01
      -6.69884384e-02 6.84589684e-01 -6.97774887e-02 6.78155661e-01
      -6.95581734e-02 6.70764446e-01 -6.76323771e-02 6.62545145e-01
      -5.87324761e-02 6.55116498e-01 -4.67085652e-02 6.49126291e-01
      3.67886946e-03 6.36505902e-01 1.25367828e-02 6.36532485e-01
      5.27619980e-02 6.64498091e-01 6.15641512e-02 6.75362170e-01
      6.54068291e-02 6.83661759e-01 7.08079636e-02 6.98126972e-01</contour2d>
    <histogram type_id="opencv-matrix">
      <rows>20</rows>
      <cols>1</cols>
      <dt>f</dt>
      <data>
        1.25335716e-02 3.22291851e-02 2.82005370e-02 1.11906892e-02
        2.23813788e-03 8.95255129e-04 2.68576527e-03 0. 4.47627564e-04
        8.95255129e-04 4.47627564e-04 2.23813788e-03 0. 4.47627564e-04
        8.95255129e-04 1.34288264e-03 5.37153054e-03 1.07430611e-02
        2.23813788e-03 8.84959698e-01</data></histogram></_>
  <_><id>8</id>
    <height>1.3291895389556885e-01</height>
    <contour2d>
      9.75699574e-02 6.54330075e-01 9.72227529e-02 6.56963110e-01
      9.20499116e-02 6.68847501e-01 8.49414170e-02 6.82480991e-01
      1.37164313e-02 7.33866632e-01 9.25686583e-03 7.34993577e-01
      3.41865048e-03 7.34002411e-01 -1.23046953e-02 7.28219032e-01
      -1.37810344e-02 7.27222264e-01 -3.59569564e-02 6.93347156e-01
      -3.58053967e-02 6.84732974e-01 -3.10695544e-02 6.79169655e-01
      5.12637198e-03 6.46153092e-01 3.04123033e-02 6.31362736e-01
      4.52890843e-02 6.31092489e-01 5.63506633e-02 6.32107258e-01
      7.56528899e-02 6.39840543e-01 8.65668878e-02 6.46563411e-01
      9.47388262e-02 6.51992261e-01</contour2d>
    <histogram type_id="opencv-matrix">
      <rows>20</rows>
      <cols>1</cols>
      <dt>f</dt>
      <data>
        8.67052004e-04 1.67630054e-02 2.36994214e-02 8.38150270e-03
        2.02312134e-03 2.89017335e-04 0. 8.67052004e-04 2.89017335e-04
        5.78034669e-04 1.15606934e-03 1.15606934e-03 3.17919068e-03 0.
        0. 0. 0. 5.78034669e-04 3.46820801e-03 9.36705172e-01</data></histogram></_>
  <_><id>9</id>
    <height>8.6618363857269287e-02</height>
    <contour2d>
      9.56764221e-02 7.05183923e-01 9.53399464e-02 7.07846820e-01
      8.53258297e-02 7.34187067e-01 7.40296245e-02 7.40948439e-01
      6.79933801e-02 7.42462575e-01 4.60013151e-02 7.42670119e-01
      -5.49506880e-02 7.08986282e-01 -5.49454391e-02 7.04215646e-01
