<?xml version="1.0"?>
<opencv_storage>
<obj>
  <_><id>1</id>
    <height>4.5051872730255127e-02</height>
    <contour2d>
      1.26573145e-02 6.74015641e-01 1.14189237e-02 7.09609270e-01
      6.86116144e-03 7.12101460e-01 2.29634158e-03 7.13572741e-01
      -1.62275098e-02 7.18548894e-01 -2.86162253e-02 7.17934608e-01
      -3.32386419e-02 7.16435790e-01 -3.93118486e-02 7.11108446e-01
      -3.89469862e-02 6.96618795e-01 -3.68936919e-02 6.73439264e-01
      -3.54080796e-02 6.72871590e-01 -3.09554003e-02 6.71971440e-01
      -1.43519472e-02 6.69517398e-01 5.48379496e-03 6.69904828e-01
      8.49981047e-03 6.70922399e-01 1.00500695e-02 6.71629667e-01</contour2d>
    <histogram type_id="opencv-matrix">
      <rows>20</rows>
      <cols>1</cols>
      <dt>f</dt>
      <data>
        0. 0. 8.88707042e-01 0. 0. 0. 0. 0. 0. 0. 0. 0. 0. 0. 0. 0. 0.
        0. 0. 1.11292966e-01</data></histogram></_>
  <_><id>2</id>
    <height>4.4340908527374268e-02</height>
    <contour2d>
      6.58785552e-03 6.83450937e-01 6.10731356e-03 6.86382890e-01
      6.25403598e-04 6.92817271e-01 -1.46267507e-02 7.05002427e-01
      -1.77028514e-02 7.06750512e-01 -2.54073534e-02 7.09967017e-01
      -2.84961797e-02 7.10697651e-01 -3.31005417e-02 7.09659100e-01
      -5.71929440e-02 6.83177531e-01 -5.93770966e-02 6.78917766e-01
      -5.94569817e-02 6.76092207e-01 -5.92654347e-02 6.74221098e-01
      -3.06579582e-02 6.57510042e-01 -2.16277987e-02 6.53076530e-01
      -1.71755906e-02 6.53387129e-01 -1.40264202e-02 6.56059980e-01
      5.37880324e-03 6.74249768e-01 6.63319789e-03 6.80444121e-01</contour2d>
    <histogram type_id="opencv-matrix">
      <rows>20</rows>
      <cols>1</cols>
      <dt>f</dt>
      <data>
        0. 1.27877237e-03 9.46291566e-01 1.27877237e-03 0. 0. 0. 0. 0.
        0. 0. 0. 0. 0. 0. 0. 0. 0. 0. 5.11508957e-02</data></histogram></_>
  <_><id>3</id>
    <height>4.4776499271392822e-02</height>
    <contour2d>
      6.59639202e-03 6.58112288e-01 7.79982097e-03 6.59824610e-01
      7.35392980e-03 6.65669799e-01 3.52653302e-03 6.89177871e-01
      2.09720246e-03 6.95846796e-01 -8.74472782e-04 6.98035240e-01
      -6.95495680e-03 7.00498104e-01 -1.61336623e-02 7.00751543e-01
      -4.05576527e-02 7.00113654e-01 -4.33655977e-02 6.92960739e-01
      -4.61706072e-02 6.82723641e-01 -4.56826612e-02 6.67866707e-01
      -4.39904779e-02 6.58825994e-01 -4.10350598e-02 6.55987024e-01
      -2.17055380e-02 6.54677272e-01 -1.26995360e-02 6.54783726e-01
      4.12328728e-03 6.57116890e-01 5.71080856e-03 6.57484770e-01</contour2d>
    <histogram type_id="opencv-matrix">
      <rows>20</rows>
      <cols>1</cols>
      <dt>f</dt>
      <data>
        0. 0. 8.94736826e-01 0. 0. 0. 0. 0. 0. 0. 0. 0. 0. 0. 0. 0. 0.
        0. 0. 1.05263159e-01</data></histogram></_>
  <_><id>4</id>
    <height>4.5196950435638428e-02</height>
    <contour2d>
      -1.51913419e-01 8.32281947e-01 -1.46923646e-01 8.33096743e-01
      -1.01320580e-01 8.56370568e-01 -9.98708159e-02 8.57230425e-01
      -9.98197123e-02 8.58781815e-01 -1.01616427e-01 8.69208217e-01
      -1.08184762e-01 8.90536189e-01 -1.13976330e-01 8.96212935e-01
      -1.19689241e-01 8.99881124e-01 -1.23504564e-01 9.01531339e-01
      -1.32870629e-01 9.03995633e-01 -1.34678140e-01 9.03990149e-01
      -1.38399452e-01 9.03605700e-01 -1.43697515e-01 9.02760148e-01
      -1.53075680e-01 8.90864611e-01 -1.54542401e-01 8.86832714e-01
      -1.54608995e-01 8.69556069e-01 -1.54303238e-01 8.41189027e-01
      -1.53937519e-01 8.35015893e-01</contour2d>
    <histogram type_id="opencv-matrix">
      <rows>20</rows>
      <cols>1</cols>
      <dt>f</dt>
      <data>
        0. 0. 8.65461826e-01 0. 0. 0. 0. 0. 0. 0. 0. 0. 0. 0. 0. 0. 0.
        0. 0. 1.34538144e-01</data></histogram></_>
  <_><id>5</id>
    <height>4.7250390052795410e-02</height>
    <contour2d>
      3.73429134e-02 7.56080866e-01 3.73266116e-02 7.57161498e-01
      3.54562923e-02 7.65260577e-01 1.63560063e-02 7.88071871e-01
      6.56006299e-03 7.90381908e-01 4.90785763e-03 7.90376902e-01
      -2.79807262e-02 7.80386209e-01 -2.94228159e-02 7.67454267e-01
      -2.94064991e-02 7.66372323e-01 -2.77203973e-02 7.62370229e-01
      -1.30604776e-02 7.42500424e-01 -1.10721756e-02 7.40492344e-01
      -4.88986447e-03 7.35185981e-01 3.15937772e-03 7.34882951e-01
      8.41807574e-03 7.35459208e-01 3.27817388e-02 7.48384953e-01
      3.55491862e-02 7.52737403e-01</contour2d>
    <histogram type_id="opencv-matrix">
      <rows>20</rows>
      <cols>1</cols>
      <dt>f</dt>
      <data>
        0. 1.41643058e-03 9.49008465e-01 7.08215311e-03 0. 0. 0. 0. 0.
        0. 0. 1.41643058e-03 0. 0. 0. 0. 0. 0. 0. 4.10764851e-02</data></histogram></_>
  <_><id>7</id>
    <height>4.5890748500823975e-02</height>
    <contour2d>
      1.12692267e-01 6.22048318e-01 1.08130723e-01 6.28275633e-01
      1.01921007e-01 6.34315550e-01 9.77375358e-02 6.36909485e-01
      7.57742226e-02 6.46981299e-01 7.10672289e-02 6.44863188e-01
      4.92740832e-02 6.23190582e-01 4.99688052e-02 6.16250277e-01
      5.02755903e-02 6.15329683e-01 5.23319356e-02 6.11473620e-01
      5.58706485e-02 6.07698917e-01 5.89668043e-02 6.05470061e-01
      8.31834972e-02 5.91079533e-01 8.58592987e-02 5.90437233e-01
      9.00749564e-02 5.90449870e-01 9.46753025e-02 5.93982577e-01</contour2d>
    <histogram type_id="opencv-matrix">
      <rows>20</rows>
      <cols>1</cols>
      <dt>f</dt>
      <data>
        0. 0. 9.56058562e-01 7.98934698e-03 0. 0. 0. 0. 0. 0. 0. 0. 0.
        0. 0. 0. 0. 0. 0. 3.59520614e-02</data></histogram></_>
  <_><id>8</id>
    <height>4.8876285552978516e-02</height>
    <contour2d>
      1.65532500e-01 5.99424243e-01 1.61405131e-01 6.06231213e-01
      1.32761329e-01 6.27822280e-01 1.29920319e-01 6.26863718e-01
      1.24898277e-01 6.23153090e-01 1.04212984e-01 5.97046375e-01
      1.04240894e-01 5.95193624e-01 1.04996569e-01 5.91327250e-01
      1.05710976e-01 5.90200067e-01 1.14619784e-01 5.82709134e-01
      1.39786780e-01 5.66590071e-01 1.42073363e-01 5.65562248e-01
      1.44786492e-01 5.65570354e-01 1.46774009e-01 5.66356063e-01
      1.50538862e-01 5.69315434e-01 1.59954339e-01 5.85869968e-01
      1.63725778e-01 5.93485057e-01 1.65560216e-01 5.97584009e-01</contour2d>
    <histogram type_id="opencv-matrix">
      <rows>20</rows>
      <cols>1</cols>
      <dt>f</dt>
      <data>
        0. 0. 9.58974361e-01 3.84615408e-03 0. 0. 0. 0. 0. 0. 0. 0. 0.
        0. 0. 0. 0. 0. 0. 3.71794887e-02</data></histogram></_>
  <_><id>9</id>
    <height>4.6812117099761963e-02</height>
    <contour2d>
      6.61048591e-02 8.54185104e-01 6.60871714e-02 8.55357945e-01
      6.43998757e-02 8.62964153e-01 3.98349091e-02 8.81784856e-01
      3.81163955e-02 8.82600605e-01 3.09807789e-02 8.83763254e-01
      -3.95340659e-03 8.71915758e-01 -4.26213071e-03 8.57200623e-01
      2.72619929e-02 8.22487652e-01 6.25647455e-02 8.48689675e-01
      6.42026439e-02 8.50241721e-01</contour2d>
    <histogram type_id="opencv-matrix">
      <rows>20</rows>
      <cols>1</cols>
      <dt>f</dt>
      <data>
        0. 0. 8.98529410e-01 0. 0. 0. 0. 0. 0. 0. 0. 0. 0. 0. 0. 0. 0.
        0. 0. 1.01470590e-01</data></histogram></_>
  <_><id>10</id>
    <height>4.4890224933624268e-02</height>
    <contour2d>
      1.84419602e-01 8.81241381e-01 1.84797287e-01 8.85275006e-01
      1.54395252e-01 9.01623964e-01 1.14873424e-01 9.00831580e-01
      1.13703161e-01 8.91129017e-01 1.13721594e-01 8.89906347e-01
      1.14815995e-01 8.80235255e-01 1.27418727e-01 8.61924767e-01
      1.35366604e-01 8.51663768e-01 1.38429433e-01 8.50504041e-01
      1.45554677e-01 8.50525379e-01 1.49027318e-01 8.51865709e-01
      1.70826182e-01 8.62376034e-01 1.77853242e-01 8.65930915e-01
      1.78285211e-01 8.66366208e-01 1.80005640e-01 8.69912624e-01</contour2d>
    <histogram type_id="opencv-matrix">
      <rows>20</rows>
      <cols>1</cols>
      <dt>f</dt>
      <data>
        0. 1.47710484e-03 8.81831586e-01 2.80649923e-02 0. 0. 0. 0. 0.
