<?xml version="1.0"?>
<opencv_storage>
<obj>
  <_><id>1</id>
    <height>3.9179205894470215e-02</height>
    <contour2d>
      8.37990567e-02 7.56744564e-01 7.73532167e-02 7.63938785e-01
      7.43170232e-02 7.66540289e-01 6.47366568e-02 7.71288753e-01
      6.31125122e-02 7.71283865e-01 5.97744808e-02 7.70502865e-01
      2.49577537e-02 7.45947957e-01 -6.67388439e-02 6.65375590e-01
      -8.39626938e-02 6.48533404e-01 -8.39478001e-02 6.47544801e-01
      -7.94133842e-02 6.46870673e-01 -5.72354421e-02 6.49601877e-01
      -4.40419391e-02 6.54086888e-01 -3.21618989e-02 6.58497274e-01
      -5.92662022e-04 6.73621416e-01 2.55864486e-03 6.75436378e-01
      4.18642759e-02 7.01388359e-01 6.43378645e-02 7.17689931e-01
      6.93271458e-02 7.23055065e-01 7.27630705e-02 7.28437901e-01
      8.17323178e-02 7.44398534e-01 8.39980990e-02 7.52124727e-01</contour2d>
    <histogram type_id="opencv-matrix">
      <rows>20</rows>
      <cols>1</cols>
      <dt>f</dt>
      <data>
        4.50522937e-02 4.18342724e-02 4.74658087e-02 1.60901044e-02
        4.02252609e-03 1.60901051e-03 3.21802101e-03 5.63153671e-03
        3.21802101e-03 7.24054733e-03 4.82703140e-03 8.04505218e-03
        3.45937274e-02 3.21802087e-02 3.21802087e-02 2.30088502e-01
        1.48833469e-01 6.75784424e-02 1.84231699e-01 8.20595324e-02</data></histogram></_>
  <_><id>2</id>
    <height>3.6439001560211182e-02</height>
    <contour2d>
      1.99635535e-01 7.03425705e-01 2.05598697e-01 7.09145606e-01
      2.06056550e-01 7.15806782e-01 2.05008939e-01 7.18314528e-01
      1.88846260e-01 7.45078266e-01 1.47541568e-01 7.94239640e-01
      9.62079167e-02 8.53869379e-01 8.09714198e-02 8.57425332e-01
      8.04161876e-02 8.47950995e-01 8.43839943e-02 8.30731869e-01
      1.24954924e-01 7.58750141e-01 1.50214866e-01 7.19816148e-01
      1.70025945e-01 7.03527987e-01 1.71604022e-01 7.02493012e-01
      1.74267039e-01 7.01063514e-01 1.87071890e-01 6.96476996e-01
      1.88621178e-01 6.96481645e-01</contour2d>
    <histogram type_id="opencv-matrix">
      <rows>20</rows>
      <cols>1</cols>
      <dt>f</dt>
      <data>
        3.80021743e-02 4.99457121e-02 2.82301866e-02 6.51465822e-03
        4.34310548e-03 2.17155274e-03 1.08577637e-03 4.34310548e-03
        3.25732911e-03 9.77198780e-03 3.04017384e-02 4.12595011e-02
        3.36590670e-02 3.04017384e-02 1.08577637e-02 2.35613465e-01
        9.44625437e-02 2.38870792e-02 2.85559177e-01 6.62323609e-02</data></histogram></_>
  <_><id>3</id>
    <height>2.9923915863037109e-02</height>
    <contour2d>
      1.24727175e-01 7.03389645e-01 1.23149112e-01 7.04424679e-01
      1.10125184e-01 7.06365824e-01 1.00213215e-01 7.03431308e-01
      2.49702074e-02 6.50160432e-01 4.43247147e-03 6.35135531e-01
      -1.13705145e-02 6.21956766e-01 -2.53933258e-02 6.06126070e-01
      -2.80906986e-02 5.98772705e-01 -2.79412046e-02 5.90433300e-01
      -2.36868430e-02 5.84895074e-01 -1.52654871e-02 5.78726411e-01
      -1.10958209e-02 5.77173352e-01 -8.33593216e-03 5.76539993e-01
      -6.95129856e-03 5.76544166e-01 8.30135122e-03 5.78153968e-01
      1.24330688e-02 5.80011666e-01 3.95838767e-02 5.95337391e-01
      6.78336918e-02 6.18638933e-01 8.89542103e-02 6.41283035e-01
      1.24480858e-01 6.89312518e-01</contour2d>
    <histogram type_id="opencv-matrix">
      <rows>20</rows>
      <cols>1</cols>
      <dt>f</dt>
      <data>
        3.56798470e-02 2.98939254e-02 4.43587266e-02 3.76084857e-02
        1.63934417e-02 5.78592066e-03 9.64320148e-04 9.64320148e-04
        4.82160086e-03 1.15718413e-02 8.67888145e-03 1.73577629e-02
        2.89296042e-02 3.66441645e-02 2.02507228e-02 2.67116696e-01
        9.06460956e-02 3.37512046e-02 2.28543878e-01 8.00385699e-02</data></histogram></_>
  <_><id>4</id>
    <height>3.3631384372711182e-02</height>
    <contour2d>
      6.10657781e-02 7.02463388e-01 5.96967638e-02 7.04945326e-01
      2.43889298e-02 7.09524572e-01 -4.15125415e-02 6.78572178e-01
      -9.04245973e-02 6.55115366e-01 -1.23658516e-01 6.34062350e-01
      -1.32563397e-01 6.21596813e-01 -1.32234320e-01 6.18339777e-01
      -1.29087090e-01 6.07273221e-01 -1.24094836e-01 6.02077961e-01
      -1.19926572e-01 5.98053932e-01 -1.03786930e-01 5.92945516e-01
      -9.94681865e-02 5.92303097e-01 -5.16278222e-02 6.19722903e-01
      1.58109870e-02 6.61330342e-01 1.87821891e-02 6.63336456e-01
      6.23909459e-02 6.95169747e-01 6.22314513e-02 6.98530853e-01</contour2d>
    <histogram type_id="opencv-matrix">
      <rows>20</rows>
      <cols>1</cols>
      <dt>f</dt>
      <data>
        5.96721321e-02 5.90163916e-02 6.36065602e-02 1.31147541e-02
        6.55737706e-04 0. 0. 0. 5.24590164e-03 5.24590164e-03
        1.57377049e-02 9.18032788e-03 2.62295082e-02 8.52459017e-03
        5.90163935e-03 1.52786881e-01 2.11803272e-01 7.21311495e-02
        2.23606557e-01 6.75409809e-02</data></histogram></_>
  <_><id>5</id>
    <height>3.5404920578002930e-02</height>
    <contour2d>
      1.53915048e-01 8.82758498e-01 1.28867894e-01 8.82850409e-01
      1.09579965e-01 8.73762667e-01 8.21518451e-02 8.55396569e-01
      6.22960851e-02 8.38073373e-01 -6.28954917e-03 7.72476554e-01
      -7.96161965e-03 7.67247975e-01 -6.32270891e-03 7.66499221e-01
      1.50894374e-02 7.62864769e-01 2.33528689e-02 7.64737725e-01
      4.34844792e-02 7.73730338e-01 6.58027679e-02 7.87307739e-01
      1.05882190e-01 8.18017423e-01 1.18579313e-01 8.28860104e-01
      1.49478942e-01 8.56807053e-01 1.55640543e-01 8.74779463e-01
      1.55622512e-01 8.75974774e-01</contour2d>
    <histogram type_id="opencv-matrix">
      <rows>20</rows>
      <cols>1</cols>
      <dt>f</dt>
      <data>
        2.70588230e-02 9.41176433e-03 2.35294104e-02 3.52941174e-03
        1.17647054e-03 3.52941174e-03 2.35294108e-03 3.52941174e-03
        4.70588217e-03 2.35294104e-02 3.52941174e-03 2.11764704e-02
        3.17647047e-02 2.82352939e-02 4.23529409e-02 2.27058813e-01
        1.67058811e-01 6.94117621e-02 2.30588228e-01 7.64705837e-02</data></histogram></_>
  <_><id>6</id>
    <height>3.6529004573822021e-02</height>
    <contour2d>
      -2.52452828e-02 9.93329048e-01 -2.91459411e-02 9.91615772e-01
      -6.35589808e-02 9.74919081e-01 -1.19549356e-01 9.20854211e-01
      -1.44289762e-01 8.95295620e-01 -1.63439780e-01 8.71882081e-01
      -1.66442037e-01 8.65910411e-01 -1.69692472e-01 8.58072042e-01
      -1.71524674e-01 8.53020310e-01 -1.71507046e-01 8.51849914e-01
      -1.69569179e-01 8.49887967e-01 -1.58789128e-01 8.43283176e-01
      -1.56885847e-01 8.42497826e-01 -1.55132592e-01 8.42503071e-01
      -1.50136620e-01 8.42930794e-01 -1.46640271e-01 8.44110489e-01
      -1.43392712e-01 8.45702171e-01 -1.04554020e-01 8.72773647e-01
      -2.51863077e-02 9.89414454e-01</contour2d>
    <histogram type_id="opencv-matrix">
      <rows>20</rows>
      <cols>1</cols>
      <dt>f</dt>
      <data>
        3.26797403e-02 1.63398702e-02 6.37254938e-02 1.30718956e-02
        1.63398695e-03 0. 0. 0. 1.63398695e-03 8.16993508e-03
        1.47058824e-02 3.75817008e-02 4.73856218e-02 2.12418307e-02
        3.26797389e-03 2.12418303e-01 1.61764711e-01 6.04575165e-02
        2.63071895e-01 4.08496745e-02</data></histogram></_>
  <_><id>7</id>
    <height>3.5074293613433838e-02</height>
    <contour2d>
      3.29397470e-01 6.34874463e-01 3.29382867e-01 6.35843098e-01
      3.24277192e-01 6.47881448e-01 3.20302665e-01 6.50513411e-01
      3.12334478e-01 6.54817104e-01 2.99089938e-01 6.58677340e-01
      2.11301878e-01 6.50615633e-01 1.64536431e-01 6.42676473e-01
      1.31161794e-01 6.34481311e-01 1.31176502e-01 6.33505166e-01
      1.46555379e-01 6.18396401e-01 1.54799819e-01 6.16125524e-01
      1.83158219e-01 6.12962186e-01 2.22505197e-01 6.11087620e-01
      2.41137907e-01 6.11143231e-01 2.59756237e-01 6.12152636e-01
      3.00462961e-01 6.19440496e-01 3.22344452e-01 6.27011657e-01
      3.28639895e-01 6.29527509e-01</contour2d>
    <histogram type_id="opencv-matrix">
      <rows>20</rows>
      <cols>1</cols>
      <dt>f</dt>
