<?xml version="1.0"?>
<opencv_storage>
<obj>
  <_><id>1</id>
    <height>5.6482911109924316e-02</height>
    <contour2d>
      2.61472818e-02 7.51172066e-01 2.60836985e-02 7.55993485e-01
      -2.47301590e-02 8.13439071e-01 -4.96734977e-02 8.35414231e-01
      -5.64508066e-02 8.40843856e-01 -5.80917522e-02 8.40824425e-01
      -8.06218982e-02 8.35591853e-01 -8.05593506e-02 8.33388686e-01
      -7.92650357e-02 8.26543748e-01 -2.82516815e-02 7.65286624e-01
      -6.07108790e-03 7.40716219e-01 -4.22348455e-03 7.39056110e-01
      1.57721341e-04 7.38002121e-01 1.70368142e-03 7.38020420e-01
      1.58146601e-02 7.44143665e-01</contour2d>
    <histogram type_id="opencv-matrix">
      <rows>20</rows>
      <cols>1</cols>
      <dt>f</dt>
      <data>
        7.23981917e-01 0. 0. 0. 0. 0. 0. 0. 0. 0. 0. 0. 0. 0. 0. 0.
        9.04977415e-03 2.44343907e-01 0. 2.26244349e-02</data></histogram></_>
  <_><id>2</id>
    <height>5.7697594165802002e-02</height>
    <contour2d>
      1.65219754e-01 7.93969035e-01 1.60185590e-01 7.96169281e-01
      1.46016106e-01 7.94974566e-01 8.04236904e-02 7.08801031e-01
      7.83153772e-02 7.03957260e-01 7.83427656e-02 7.02992618e-01
      8.13223273e-02 6.97448134e-01 8.41999725e-02 6.94530427e-01
      1.02244422e-01 6.85048163e-01 1.05138913e-01 6.85082436e-01
      1.11044034e-01 6.88146830e-01 1.20329857e-01 6.97966218e-01
      1.71231434e-01 7.74837136e-01 1.74060419e-01 7.82757342e-01
      1.71847507e-01 7.87352800e-01</contour2d>
    <histogram type_id="opencv-matrix">
      <rows>20</rows>
      <cols>1</cols>
      <dt>f</dt>
      <data>
        3.15018326e-01 3.66300368e-03 0. 0. 0. 0. 0. 0. 0. 0. 0. 0. 0.
        0. 0. 3.66300368e-03 1.46520147e-02 5.60439587e-01 0.
        1.02564104e-01</data></histogram></_>
  <_><id>3</id>
    <height>6.0500323772430420e-02</height>
    <contour2d>
      -1.49094015e-01 7.26397455e-01 -1.49285033e-01 7.28159964e-01
      -1.57395244e-01 7.51029611e-01 -2.34781608e-01 7.44302452e-01
      -2.76674837e-01 7.31891990e-01 -2.84967005e-01 7.25045979e-01
      -2.84289300e-01 7.22525716e-01 -2.77762443e-01 7.08420098e-01
      -2.75925666e-01 7.06704915e-01 -1.76842719e-01 7.15249181e-01
      -1.56553075e-01 7.21362948e-01</contour2d>
    <histogram type_id="opencv-matrix">
      <rows>20</rows>
      <cols>1</cols>
      <dt>f</dt>
      <data>
        8.11349690e-01 0. 0. 0. 0. 0. 0. 0. 0. 0. 0. 0. 0. 0. 0. 0.
        6.13496918e-03 1.64110422e-01 0. 1.84049085e-02</data></histogram></_>
  <_><id>4</id>
    <height>5.7193636894226074e-02</height>
    <contour2d>
      -3.64027828e-01 6.53151512e-01 -4.14727122e-01 7.47789025e-01
      -4.18318510e-01 7.50533104e-01 -4.27051336e-01 7.56017566e-01
      -4.28578645e-01 7.55999446e-01 -4.45770115e-01 7.50753701e-01
      -4.46543127e-01 7.42590547e-01 -4.46487278e-01 7.40624905e-01
      -4.15263683e-01 6.57243371e-01 -3.96054238e-01 6.43093169e-01
      -3.92745435e-01 6.41834736e-01 -3.85174096e-01 6.43088698e-01
      -3.78539205e-01 6.44817114e-01</contour2d>
    <histogram type_id="opencv-matrix">
      <rows>20</rows>
      <cols>1</cols>
      <dt>f</dt>
      <data>
        5.29620886e-01 0. 0. 0. 0. 0. 0. 0. 0. 0. 0. 0. 0. 0. 0.
        1.18483417e-03 2.60663517e-02 4.43127990e-01 0. 0.</data></histogram></_>
  <_><id>5</id>
    <height>3.5693943500518799e-02</height>
    <contour2d>
      -2.84530431e-01 8.65279078e-01 -2.89237291e-01 8.71941864e-01
      -3.93203557e-01 8.96159291e-01 -3.96312863e-01 8.95269215e-01
      -4.15635765e-01 8.85950267e-01 -4.27987456e-01 8.58199537e-01
      -4.24837708e-01 8.52393329e-01 -4.21436280e-01 8.49185228e-01
      -3.99421960e-01 8.43595743e-01 -3.06047171e-01 8.22451591e-01
      -2.99166054e-01 8.24302912e-01 -2.97817826e-01 8.25138152e-01
      -2.91348755e-01 8.30652356e-01 -2.90296257e-01 8.33394349e-01
      -2.84959584e-01 8.52107882e-01 -2.84435362e-01 8.61930668e-01</contour2d>
    <histogram type_id="opencv-matrix">
      <rows>20</rows>
      <cols>1</cols>
      <dt>f</dt>
      <data>
        8.27247202e-01 0. 0. 0. 0. 0. 0. 0. 0. 0. 0. 0. 0. 0. 0. 0.
        5.61797759e-03 1.67134836e-01 0. 0.</data></histogram></_>
  <_><id>7</id>
    <height>3.5259008407592773e-02</height>
    <contour2d>
      3.81937437e-03 8.09006333e-01 3.97075526e-03 8.10061932e-01
      3.93794291e-03 8.17605615e-01 -7.77441114e-02 8.83454800e-01
      -9.04291123e-02 8.91794920e-01 -1.00664988e-01 8.88838649e-01
      -1.02370694e-01 8.87687445e-01 -1.26982227e-01 8.56452227e-01
      -1.25698641e-01 8.48539472e-01 -1.17833599e-01 8.40127110e-01
      -7.31849968e-02 7.98733711e-01 -4.77148294e-02 7.75484800e-01
      -4.27951962e-02 7.71631360e-01 -3.95190567e-02 7.69554496e-01
      -3.79028991e-02 7.68784761e-01 -3.63141000e-02 7.68803596e-01
      -3.31658497e-02 7.69874930e-01 -2.69752461e-03 8.00363064e-01
      6.18247315e-04 8.03868771e-01 2.20755115e-03 8.06035638e-01</contour2d>
    <histogram type_id="opencv-matrix">
      <rows>20</rows>
      <cols>1</cols>
      <dt>f</dt>
      <data>
        7.84905672e-01 3.77358496e-03 0. 0. 0. 0. 0. 0. 0. 0. 0. 0. 0.
        0. 0. 7.54716992e-03 7.54716992e-03 1.73584908e-01 0.
        2.26415098e-02</data></histogram></_>
  <_><id>8</id>
    <height>3.2282412052154541e-02</height>
    <contour2d>
      9.90972668e-02 8.29854190e-01 9.74941254e-02 8.43204498e-01
      8.91464204e-02 8.70259404e-01 7.60547668e-02 8.79359424e-01
      6.93718866e-02 8.79844666e-01 -1.68788731e-02 8.58124018e-01
      -2.52509378e-02 8.52478385e-01 -3.35297659e-02 8.46020818e-01
      -3.51347476e-02 8.43246818e-01 -3.50728929e-02 8.41067910e-01
      -3.12719978e-02 8.22563469e-01 -2.25406643e-02 8.02799344e-01
      -2.08835565e-02 8.00412178e-01 -1.76095068e-02 7.98846483e-01
      -9.31518711e-03 7.96291769e-01 -7.67982285e-03 7.96311140e-01
      6.16398975e-02 8.13718796e-01 9.53781754e-02 8.27363253e-01
      9.76129845e-02 8.28472555e-01</contour2d>
    <histogram type_id="opencv-matrix">
      <rows>20</rows>
      <cols>1</cols>
      <dt>f</dt>
      <data>
        8.39721262e-01 0. 0. 0. 0. 0. 0. 0. 0. 0. 0. 0. 0. 0. 0.
        3.48432059e-03 3.48432059e-03 1.53310105e-01 0. 0.</data></histogram></_>
  <_><id>9</id>
    <height>3.4989356994628906e-02</height>
    <contour2d>
      1.52438566e-01 8.85048389e-01 1.50708213e-01 8.85027885e-01
      1.40358016e-01 8.83779228e-01 1.35198876e-01 8.82591963e-01
      1.30071685e-01 8.80278885e-01 1.26228243e-01 8.59843194e-01
      1.10160261e-01 7.60191023e-01 1.09922603e-01 7.56571293e-01
      1.15698740e-01 7.51488507e-01 1.30196005e-01 7.41416037e-01
      1.31758749e-01 7.41434515e-01 1.70616433e-01 7.57936120e-01
      1.71090066e-01 7.58491635e-01 1.82297543e-01 8.29205751e-01
      1.84611678e-01 8.59980941e-01 1.79825723e-01 8.64925563e-01
      1.70685068e-01 8.73187780e-01</contour2d>
    <histogram type_id="opencv-matrix">
      <rows>20</rows>
      <cols>1</cols>
      <dt>f</dt>
      <data>
        6.56250000e-01 3.90625000e-02 0. 0. 0. 0. 0. 0. 0. 0. 0. 0. 0.
        0. 0. 0. 7.81250000e-03 2.96875000e-01 0. 0.</data></histogram></_>
  <_><id>10</id>
    <height>3.6896169185638428e-02</height>
    <contour2d>
      1.28755316e-01 8.99496496e-01 1.30550176e-01 9.17514503e-01
      1.24332473e-01 9.26938653e-01 4.10210192e-02 9.60292578e-01
      2.96916012e-02 9.59064007e-01 1.12085845e-02 9.51220930e-01
      -4.61149495e-03 9.37967479e-01 -3.02891061e-03 9.21798825e-01
      1.08318459e-02 9.08935249e-01 5.42277470e-02 8.91815007e-01
      1.03903353e-01 8.82246077e-01 1.07364073e-01 8.82287621e-01
      1.16649523e-01 8.83515835e-01 1.20271221e-01 8.84401619e-01
      1.23685941e-01 8.86707067e-01 1.26151145e-01 8.92098606e-01</contour2d>
    <histogram type_id="opencv-matrix">
      <rows>20</rows>
      <cols>1</cols>
      <dt>f</dt>
      <data>
        8.92682910e-01 0. 0. 0. 0. 0. 0. 0. 0. 0. 0. 0. 0. 0. 0. 0. 0.
        1.07317075e-01 0. 0.</data></histogram></_>
