<?xml version="1.0"?>
<opencv_storage>
<obj>
  <_><id>1</id>
    <height>3.9476454257965088e-02</height>
    <contour2d>
      4.63885665e-02 6.53857589e-01 2.90663522e-02 6.54905796e-01
      -2.61316858e-02 6.56337142e-01 -2.76402589e-02 6.56011701e-01
      -2.91388296e-02 6.54999971e-01 -3.20013389e-02 6.46888494e-01
      -3.28270197e-02 6.15730762e-01 -3.12555581e-02 6.10200644e-01
      1.89306643e-02 6.09810233e-01 3.99522632e-02 6.12036109e-01
      4.30021510e-02 6.14328146e-01 4.45253626e-02 6.15961790e-01
      4.76668403e-02 6.19898081e-01 4.96584028e-02 6.29452944e-01
      4.75200713e-02 6.48444176e-01</contour2d>
    <histogram type_id="opencv-matrix">
      <rows>20</rows>
      <cols>1</cols>
      <dt>f</dt>
      <data>
        7.87781298e-01 2.00428709e-01 0. 0. 0. 0. 0. 0. 0. 0. 0. 0. 0.
        0. 0. 0. 0. 0. 0. 1.17899245e-02</data></histogram></_>
  <_><id>2</id>
    <height>4.1024267673492432e-02</height>
    <contour2d>
      4.78106290e-02 6.22199714e-01 4.77811471e-02 6.24154508e-01
      3.13220024e-02 6.53853774e-01 2.82735769e-02 6.56079352e-01
      -2.47467160e-02 6.64834559e-01 -2.62425859e-02 6.63126349e-01
      -2.62068827e-02 6.60780907e-01 -2.30722781e-02 6.53327703e-01
      -1.70809384e-02 6.40969336e-01 -8.14227667e-03 6.23574078e-01
      -8.68642703e-04 6.10250533e-01 6.35526702e-03 6.02546215e-01
      1.49854179e-02 6.03530884e-01 2.08492521e-02 6.04851604e-01</contour2d>
    <histogram type_id="opencv-matrix">
      <rows>20</rows>
      <cols>1</cols>
      <dt>f</dt>
      <data>
        7.17525780e-01 2.10309282e-01 4.12371149e-03 0. 0. 0. 0. 0. 0.
        0. 0. 4.12371149e-03 2.06185575e-03 0. 0. 0. 0. 1.23711340e-02
        0. 4.94845361e-02</data></histogram></_>
  <_><id>3</id>
    <height>4.3039381504058838e-02</height>
    <contour2d>
      4.38815989e-02 6.40110612e-01 4.23839688e-02 6.43008530e-01
      1.48561001e-02 6.50573730e-01 -2.58665346e-03 6.52354360e-01
      -4.02290560e-03 6.52072787e-01 -5.47885336e-03 6.51089728e-01
      -6.96307793e-03 6.48711383e-01 -1.24662276e-02 6.35898352e-01
      -1.24187609e-02 6.21361792e-01 -1.09496228e-02 6.17432952e-01
      6.40416145e-03 6.04813755e-01 2.22937688e-02 6.04861498e-01
      2.52242759e-02 6.06484413e-01 3.48849297e-02 6.16349757e-01
      4.17358167e-02 6.27447605e-01</contour2d>
    <histogram type_id="opencv-matrix">
      <rows>20</rows>
      <cols>1</cols>
      <dt>f</dt>
      <data>
        5.69148898e-01 3.77659559e-01 0. 0. 0. 0. 0. 0. 0. 0. 0. 0. 0.
        0. 0. 0. 0. 0. 0. 5.31914867e-02</data></histogram></_>
  <_><id>4</id>
    <height>4.1802704334259033e-02</height>
    <contour2d>
      7.54234269e-02 6.37502670e-01 6.22890517e-02 6.65142179e-01
      5.49804494e-02 6.69922948e-01 5.34461290e-02 6.69918299e-01
      -1.24922227e-02 6.45589232e-01 -1.39660183e-02 6.42913580e-01
      -1.39467493e-02 6.36561632e-01 -3.65051348e-03 6.14189386e-01
      3.48720700e-03 6.04148507e-01 6.30913861e-03 6.02853894e-01
      1.35856811e-02 6.04178905e-01 2.08202619e-02 6.06774688e-01
      5.94329908e-02 6.23524785e-01 7.35163987e-02 6.31847620e-01
      7.52034783e-02 6.35167837e-01</contour2d>
    <histogram type_id="opencv-matrix">
      <rows>20</rows>
      <cols>1</cols>
      <dt>f</dt>
      <data>
        7.64437675e-01 2.05167174e-01 7.59878429e-03 0. 0. 0. 0. 0. 0.
        0. 0. 0. 0. 0. 0. 0. 0. 0. 0. 2.27963533e-02</data></histogram></_>
  <_><id>5</id>
    <height>3.8325846195220947e-02</height>
    <contour2d>
      7.82858580e-02 6.35866165e-01 7.60574415e-02 6.45552814e-01
      4.25853580e-03 6.64984405e-01 1.19658001e-03 6.63270235e-01
      -3.34834680e-04 6.61563158e-01 -6.47862628e-03 6.46981359e-01
      -9.49272327e-03 6.30945623e-01 -9.49161500e-03 6.25329912e-01
      -8.02977383e-03 6.23026311e-01 -7.22562894e-04 6.19108975e-01
      1.78490039e-02 6.11588299e-01 5.66070452e-02 5.99501729e-01
      5.94810918e-02 5.99510372e-01 6.24309257e-02 6.02082074e-01
      6.40683845e-02 6.04347646e-01</contour2d>
    <histogram type_id="opencv-matrix">
      <rows>20</rows>
      <cols>1</cols>
      <dt>f</dt>
      <data>
        8.92399609e-01 9.90606323e-02 0. 0. 0. 0. 0. 0. 0. 0. 0. 0. 0.
        0. 0. 0. 0. 5.97779639e-03 0. 2.56191287e-03</data></histogram></_>
  <_><id>6</id>
    <height>5.8910906314849854e-02</height>
    <contour2d>
      5.59381619e-02 6.50879681e-01 3.17844003e-02 6.55339599e-01
      1.87976714e-02 6.56015456e-01 1.45184044e-02 6.54785097e-01
      1.02712940e-02 6.38197064e-01 1.04218945e-02 6.18857980e-01
      1.21725202e-02 6.04826033e-01 1.48903374e-02 5.98711371e-01
      1.77283566e-02 5.97118378e-01 5.78602925e-02 5.97239435e-01
      5.94810769e-02 5.99493742e-01 6.14227578e-02 6.38515592e-01
      5.97888008e-02 6.44468367e-01</contour2d>
    <histogram type_id="opencv-matrix">
      <rows>20</rows>
      <cols>1</cols>
      <dt>f</dt>
      <data>
        5.05928874e-01 1.34387359e-01 0. 0. 0. 0. 0. 0. 0. 0. 0. 0. 0.
        0. 0. 0. 0. 7.90513866e-03 0. 3.51778656e-01</data></histogram></_>
  <_><id>7</id>
    <height>6.1782181262969971e-02</height>
    <contour2d>
      7.30058402e-02 6.28963053e-01 4.64039408e-02 6.58751428e-01
      4.50331382e-02 6.59464836e-01 4.06715423e-02 6.59451723e-01
      3.47199030e-02 6.57998681e-01 3.21356095e-02 6.56981230e-01
      2.93250605e-02 6.54771686e-01 3.86822969e-03 6.33300722e-01
      -1.51330652e-02 5.77673376e-01 -1.37259774e-02 5.77677608e-01
      3.75756212e-02 5.95244527e-01 4.02347557e-02 5.96802056e-01
      5.54212369e-02 6.07166409e-01 7.18132257e-02 6.23077869e-01
      7.28067160e-02 6.24755681e-01</contour2d>
    <histogram type_id="opencv-matrix">
      <rows>20</rows>
      <cols>1</cols>
      <dt>f</dt>
      <data>
        6.90697670e-01 1.93023250e-01 2.32558139e-03 0. 0. 0. 0. 0. 0.
        0. 0. 0. 0. 0. 0. 0. 0. 0. 0. 1.13953486e-01</data></histogram></_>
  <_><id>8</id>
    <height>6.2704682350158691e-02</height>
    <contour2d>
      6.73774034e-02 6.48290336e-01 6.47038743e-02 6.50663793e-01
      5.51847219e-02 6.54910624e-01 4.57445607e-02 6.55701876e-01
      3.59447673e-02 6.55975938e-01 1.32361129e-02 6.55131161e-01
      1.01888739e-02 6.53432012e-01 -1.37058897e-02 5.73912144e-01
      6.81673065e-02 6.09089732e-01 6.97996095e-02 6.11336350e-01
      7.11389333e-02 6.14097118e-01 6.86026067e-02 6.45917654e-01</contour2d>
    <histogram type_id="opencv-matrix">
      <rows>20</rows>
      <cols>1</cols>
      <dt>f</dt>
      <data>
        8.07577252e-01 9.77068841e-02 0. 0. 0. 0. 0. 0. 0. 0. 0. 0. 0.
        0. 0. 0. 9.97008989e-04 1.39581263e-02 0. 7.97607154e-02</data></histogram></_>
  <_><id>9</id>
    <height>5.8541357517242432e-02</height>
    <contour2d>
      2.96865162e-02 7.34204590e-01 2.98152883e-02 7.34643996e-01
      2.95924861e-02 7.40226448e-01 -3.92356068e-02 7.57637560e-01
      -3.56596857e-02 7.45523751e-01 -1.74944084e-02 7.21286118e-01
      -1.26886982e-02 7.15562344e-01 -1.10803908e-02 7.14507580e-01
      -6.49295002e-03 7.14009464e-01 2.44174153e-03 7.13452280e-01
      2.60150041e-02 7.29551136e-01</contour2d>
    <histogram type_id="opencv-matrix">
      <rows>20</rows>
      <cols>1</cols>
      <dt>f</dt>
      <data>
        8.31460655e-01 1.07865170e-01 2.24719103e-03 0. 0. 0. 0. 0. 0.
        0. 0. 0. 0. 0. 0. 0. 5.61797759e-03 2.24719103e-03 0.
        5.05617969e-02</data></histogram></_>
  <_><id>10</id>
    <height>5.9211134910583496e-02</height>
    <contour2d>
      3.39344069e-02 8.12459588e-01 3.21301296e-02 8.12838674e-01
      -2.82210466e-02 7.97375441e-01 -2.97665931e-02 7.89297819e-01
      -2.97333542e-02 7.87091494e-01 -2.80571356e-02 7.85742342e-01
      -2.31250115e-02 7.82317102e-01 3.09257396e-03 7.68628597e-01
      7.22948834e-03 7.67771661e-01 1.07891355e-02 7.67395616e-01
      1.87666100e-02 7.67712951e-01 2.80260164e-02 7.79335380e-01</contour2d>
    <histogram type_id="opencv-matrix">
      <rows>20</rows>
      <cols>1</cols>
