<?xml version="1.0"?>
<opencv_storage>
<obj>
  <_><id>1</id>
    <height>1.1110901832580566e-01</height>
    <contour2d>
      1.34242743e-01 7.19033241e-01 1.34228438e-01 7.19983280e-01
      1.15473695e-01 7.39675581e-01 9.99274254e-02 7.49898255e-01
      6.81149960e-02 7.37598896e-01 5.77525422e-02 7.29335070e-01
      5.77677488e-02 7.28325248e-01 5.89341000e-02 7.23229766e-01
      8.00473019e-02 7.12518334e-01 9.49394777e-02 7.06080616e-01
      1.08094595e-01 7.01545358e-01 1.22452833e-01 7.04270661e-01
      1.32703125e-01 7.12527454e-01</contour2d>
    <histogram type_id="opencv-matrix">
      <rows>20</rows>
      <cols>1</cols>
      <dt>f</dt>
      <data>
        1.21212117e-02 1.09090907e-02 2.18181815e-02 9.69696976e-03 0.
        0. 0. 0. 1.21212122e-03 1.21212122e-03 4.84848488e-03
        8.48484877e-03 1.69696975e-02 4.84848488e-03 2.42424244e-03
        2.42424244e-03 0. 1.21212122e-03 8.21818173e-01 7.99999982e-02</data></histogram></_>
  <_><id>2</id>
    <height>6.7729651927947998e-02</height>
    <contour2d>
      -1.03371665e-01 7.37736344e-01 -1.07917018e-01 7.48419762e-01
      -1.09626964e-01 7.51046419e-01 -1.19907320e-01 7.58447170e-01
      -1.27403200e-01 7.60220885e-01 -1.44400373e-01 7.58373737e-01
      -1.48449302e-01 7.53562927e-01 -1.53763786e-01 7.41821170e-01
      -1.54445603e-01 7.32720733e-01 -1.47582695e-01 7.26925731e-01
      -1.33843511e-01 7.17978001e-01 -1.30665332e-01 7.16388106e-01
      -1.06319264e-01 7.32699871e-01</contour2d>
    <histogram type_id="opencv-matrix">
      <rows>20</rows>
      <cols>1</cols>
      <dt>f</dt>
      <data>
        0. 0. 4.73186141e-03 1.10410098e-02 6.30914839e-03
        1.57728710e-03 0. 0. 0. 0. 1.57728710e-03 1.10410098e-02
        9.46372282e-03 6.30914839e-03 1.57728710e-03 0. 0.
        1.57728710e-03 9.44794953e-01 0.</data></histogram></_>
  <_><id>3</id>
    <height>7.0185780525207520e-02</height>
    <contour2d>
      -8.76595378e-02 5.42745113e-01 -8.77927691e-02 5.45026183e-01
      -8.91302973e-02 5.54554880e-01 -9.03480276e-02 5.56140065e-01
      -1.04588479e-01 5.63872993e-01 -1.21795855e-01 5.64129114e-01
      -1.24923341e-01 5.63385606e-01 -1.39316916e-01 5.57581902e-01
      -1.45612568e-01 5.54211795e-01 -1.47589535e-01 5.51996231e-01
      -1.48916230e-01 5.47924817e-01 -1.46455452e-01 5.40586233e-01
      -1.37275547e-01 5.29223144e-01 -1.36262625e-01 5.28337479e-01
      -1.27765566e-01 5.22986174e-01 -1.20074570e-01 5.21884680e-01
      -1.18905120e-01 5.21888256e-01 -1.11900128e-01 5.22687435e-01
      -9.15962532e-02 5.29935002e-01</contour2d>
    <histogram type_id="opencv-matrix">
      <rows>20</rows>
      <cols>1</cols>
      <dt>f</dt>
      <data>
        5.47445239e-03 6.38686121e-03 1.82481743e-02 1.73357669e-02
        1.82481750e-03 0. 0. 0. 9.12408752e-04 2.73722620e-03
        5.47445239e-03 6.38686121e-03 1.00364964e-02 9.12408752e-04 0.
        0. 9.12408752e-04 1.82481750e-03 9.21532810e-01 0.</data></histogram></_>
  <_><id>4</id>
    <height>8.7636470794677734e-02</height>
    <contour2d>
      1.64075702e-01 5.47729373e-01 1.15219682e-01 5.66783667e-01
      9.49736983e-02 5.57562947e-01 9.32939351e-02 5.52240074e-01
      9.31448638e-02 5.49940705e-01 9.31809843e-02 5.47542632e-01
      9.38928425e-02 5.43076158e-01 9.94522274e-02 5.29974580e-01
      1.16934314e-01 5.18915057e-01 1.19986922e-01 5.17586231e-01
      1.22310847e-01 5.17593205e-01 1.33662552e-01 5.18502116e-01
      1.36962265e-01 5.19359112e-01 1.45020619e-01 5.23907781e-01
      1.60970911e-01 5.37755311e-01 1.61833942e-01 5.39038897e-01
      1.63524896e-01 5.44748664e-01</contour2d>
    <histogram type_id="opencv-matrix">
      <rows>20</rows>
      <cols>1</cols>
      <dt>f</dt>
      <data>
        6.48508430e-04 0. 1.29701686e-03 3.24254204e-03 1.29701686e-03
        0. 6.48508430e-04 0. 6.48508430e-04 6.48508430e-04
        1.94552529e-03 1.29701686e-03 5.18806744e-03 1.29701686e-03 0.
        6.48508430e-04 0. 0. 9.76653695e-01 4.53955913e-03</data></histogram></_>
  <_><id>5</id>
    <height>1.1276429891586304e-01</height>
    <contour2d>
      1.56570941e-01 9.07843351e-01 1.57121271e-01 9.14101005e-01
      1.55577093e-01 9.17255700e-01 1.50014967e-01 9.25791919e-01
      1.35653257e-01 9.37011540e-01 1.25526875e-01 9.41443861e-01
      1.12168603e-01 9.41543519e-01 9.65052396e-02 9.28393126e-01
      9.31325704e-02 9.24965143e-01 9.02637094e-02 9.20517325e-01
      9.01649594e-02 9.18479621e-01 9.13164616e-02 9.14098442e-01
      9.35118049e-02 9.08757389e-01 1.05916999e-01 9.01411414e-01
      1.10946633e-01 8.99413943e-01 1.27450198e-01 8.97122204e-01
      1.32740200e-01 8.98008704e-01 1.55049860e-01 9.03303683e-01
      1.55438870e-01 9.03860867e-01</contour2d>
    <histogram type_id="opencv-matrix">
      <rows>20</rows>
      <cols>1</cols>
      <dt>f</dt>
      <data>
        0. 0. 4.99375770e-03 1.24843942e-03 3.74531839e-03
        1.24843942e-03 0. 2.49687885e-03 0. 0. 1.24843942e-03
        8.73907562e-03 8.73907562e-03 4.99375770e-03 0. 1.24843942e-03
        1.24843942e-03 0. 9.48813975e-01 1.12359552e-02</data></histogram></_>
  <_><id>6</id>
    <height>8.8790178298950195e-02</height>
    <contour2d>
      -5.54891899e-02 9.10957038e-01 -5.57797104e-02 9.11831081e-01
      -7.01887608e-02 9.28587496e-01 -7.35360831e-02 9.29685652e-01
      -7.85486996e-02 9.30778801e-01 -9.02392343e-02 9.32960033e-01
      -1.06106095e-01 9.13348198e-01 -1.09151863e-01 9.00803864e-01
      -1.09134555e-01 8.99655879e-01 -1.01668783e-01 8.93343449e-01
      -8.84876549e-02 8.84034038e-01 -8.68036374e-02 8.84039104e-01
      -6.68282062e-02 8.88702452e-01 -5.55507988e-02 9.07685935e-01</contour2d>
    <histogram type_id="opencv-matrix">
      <rows>20</rows>
      <cols>1</cols>
      <dt>f</dt>
      <data>
        0. 2.03665998e-03 0. 4.07331996e-03 2.03665998e-03 0. 0. 0.
        2.03665998e-03 0. 1.01832999e-02 6.10997993e-03 8.14663991e-03
        2.03665998e-03 4.07331996e-03 6.10997993e-03 2.03665998e-03 0.
        9.51120198e-01 0.</data></histogram></_>
  <_><id>7</id>
    <height>7.5464487075805664e-02</height>
    <contour2d>
      -1.23546660e-01 7.22157598e-01 -1.23864420e-01 7.26651073e-01
      -1.52832866e-01 7.37019956e-01 -1.57028794e-01 7.37935066e-01
      -1.61388934e-01 7.37847626e-01 -1.86160266e-01 7.32911646e-01
      -1.95677787e-01 7.26599514e-01 -1.92145288e-01 7.19383299e-01
      -1.88785464e-01 7.14923859e-01 -1.72503412e-01 6.99280500e-01
      -1.66471630e-01 6.95505381e-01 -1.62339360e-01 6.93819463e-01
      -1.57929927e-01 6.93986654e-01 -1.45260751e-01 6.95902169e-01
      -1.30094618e-01 7.01289833e-01 -1.28840566e-01 7.03029692e-01
      -1.26478314e-01 7.08259881e-01</contour2d>
    <histogram type_id="opencv-matrix">
      <rows>20</rows>
      <cols>1</cols>
      <dt>f</dt>
      <data>
        5.50964195e-03 5.50964195e-03 1.23966942e-02 1.37741044e-02
        6.88705221e-03 2.75482098e-03 1.37741049e-03 0. 0.
        1.37741049e-03 5.50964195e-03 2.20385678e-02 1.51515156e-02
        4.13223170e-03 2.75482098e-03 2.75482098e-03 1.37741049e-03 0.
        8.38842988e-01 5.78512400e-02</data></histogram></_>
  <_><id>8</id>
    <height>1.6963398456573486e-01</height>
    <contour2d>
      6.94887117e-02 6.79989219e-01 6.80896565e-02 6.81810379e-01
      5.07186651e-02 6.96066499e-01 4.93826792e-02 6.96062505e-01
      1.88095365e-02 6.87701225e-01 9.50743817e-03 6.81504250e-01
      3.19672190e-03 6.45953715e-01 3.22601199e-03 6.44011378e-01
      7.70696439e-03 6.37226462e-01 1.19067896e-02 6.32841885e-01
      1.33163910e-02 6.32160962e-01 1.62128974e-02 6.32169664e-01
      5.47674596e-02 6.44152939e-01 5.62593266e-02 6.44886136e-01
      5.94612435e-02 6.47810817e-01 7.12296218e-02 6.64332390e-01
      7.22048357e-02 6.72828794e-01 7.21910894e-02 6.73740208e-01</contour2d>
    <histogram type_id="opencv-matrix">
      <rows>20</rows>
      <cols>1</cols>
      <dt>f</dt>
      <data>
