<?xml version="1.0"?>
<opencv_storage>
<obj>
  <_><id>1</id>
    <height>1.7161113023757935e-01</height>
    <contour2d>
      -1.21542498e-01 6.19412720e-01 -1.21555865e-01 6.20299220e-01
      -1.24015436e-01 6.25022769e-01 -1.26115486e-01 6.28564715e-01
      -1.47214949e-01 6.57558501e-01 -1.58889875e-01 6.71524584e-01
      -1.65040746e-01 6.70749664e-01 -1.70259312e-01 6.69863641e-01
      -1.82212576e-01 6.67154789e-01 -2.08184943e-01 6.41541064e-01
      -2.16264859e-01 6.32756829e-01 -2.16554224e-01 6.31631434e-01
      -2.14051411e-01 6.27865195e-01 -1.87641770e-01 5.92072964e-01
      -1.78960174e-01 5.84173679e-01 -1.74181297e-01 5.84462583e-01
      -1.67521507e-01 5.85885644e-01 -1.47080421e-01 5.98470926e-01
      -1.22056715e-01 6.17863595e-01</contour2d>
    <histogram type_id="opencv-matrix">
      <rows>20</rows>
      <cols>1</cols>
      <dt>f</dt>
      <data>
        1.43584907e-01 6.71509445e-01 3.84905674e-02 9.43396240e-04 0.
        0. 0. 0. 0. 0. 0. 3.77358490e-04 7.54716981e-04 2.45283009e-03
        6.79245265e-03 1.07547166e-02 1.75471697e-02 3.35849039e-02
        8.86792410e-03 6.43396229e-02</data></histogram></_>
  <_><id>2</id>
    <height>1.7046725749969482e-01</height>
    <contour2d>
      4.49068099e-02 6.30808651e-01 4.76371646e-02 6.34281754e-01
      4.69996482e-02 6.90584481e-01 2.59225238e-02 7.00777411e-01
      2.45696995e-02 7.00773358e-01 -2.13894919e-02 6.95599616e-01
      -2.46267393e-02 6.40505016e-01 -2.44954377e-02 6.36623085e-01
      -2.32743789e-02 6.34025693e-01 -2.19831783e-02 6.33254826e-01
      -1.44072995e-02 6.31361902e-01 -5.13142999e-03 6.30390644e-01
      4.24496159e-02 6.29857838e-01</contour2d>
    <histogram type_id="opencv-matrix">
      <rows>20</rows>
      <cols>1</cols>
      <dt>f</dt>
      <data>
        1.63048297e-01 6.16083264e-01 2.76916251e-02 1.55073102e-03 0.
        0. 0. 0. 0. 0. 0. 0. 0. 1.55073102e-03 1.01905186e-02
        1.37350466e-02 3.14576849e-02 4.29774038e-02 6.64599007e-03
        8.50686729e-02</data></histogram></_>
  <_><id>3</id>
    <height>1.7209881544113159e-01</height>
    <contour2d>
      1.02680318e-01 7.06988275e-01 1.01760209e-01 7.11195886e-01
      1.00686580e-01 7.14684725e-01 9.96191353e-02 7.17267156e-01
      7.58792832e-02 7.47001946e-01 6.10832945e-02 7.56631374e-01
      8.13473389e-03 7.23900318e-01 5.15593216e-03 7.20560908e-01
      5.14306687e-03 7.18786240e-01 7.05926493e-03 7.12731838e-01
      4.60375845e-02 6.69136405e-01 4.96218726e-02 6.67329669e-01
      5.40008396e-02 6.66110814e-01 5.78806773e-02 6.68104768e-01
      8.84294361e-02 6.88779593e-01 1.00352265e-01 7.02167809e-01
      1.02437831e-01 7.05771744e-01</contour2d>
    <histogram type_id="opencv-matrix">
      <rows>20</rows>
      <cols>1</cols>
      <dt>f</dt>
      <data>
        1.30389243e-01 7.22290099e-01 1.76296029e-02 5.23651601e-04 0.
        0. 0. 0. 0. 0. 0. 0. 0. 3.49101058e-04 2.26915698e-03
        6.10926840e-03 1.64077505e-02 2.42625233e-02 6.45836955e-03
        7.33112246e-02</data></histogram></_>
  <_><id>4</id>
    <height>1.7125904560089111e-01</height>
    <contour2d>
      5.62857017e-02 7.49150038e-01 5.28106168e-02 8.08007360e-01
      4.27594818e-02 8.17153931e-01 2.14994773e-02 8.18099856e-01
      1.53730512e-02 8.18206847e-01 -1.04150334e-02 8.13588262e-01
      -2.09344830e-02 8.09788227e-01 -2.11731344e-02 7.56445169e-01
      -1.96442697e-02 7.47367561e-01 -1.78311542e-02 7.45933831e-01
      -1.44716157e-02 7.44970679e-01 3.47575955e-02 7.46902347e-01
      5.26500046e-02 7.48624027e-01</contour2d>
    <histogram type_id="opencv-matrix">
      <rows>20</rows>
      <cols>1</cols>
      <dt>f</dt>
      <data>
        8.59572515e-02 7.81659365e-01 5.51597308e-03 4.59664443e-04 0.
        0. 0. 0. 0. 0. 9.19328886e-04 2.29832222e-04 2.29832222e-04
        2.29832222e-04 0. 2.29832227e-03 6.66513434e-03 2.68903691e-02
        0. 8.89450684e-02</data></histogram></_>
  <_><id>5</id>
    <height>1.7025202512741089e-01</height>
    <contour2d>
      1.08602270e-03 7.94625521e-01 1.15890056e-04 7.99469233e-01
      -9.70883295e-04 8.01717758e-01 -2.41399594e-02 8.30738783e-01
      -4.75325510e-02 8.43207240e-01 -5.36986589e-02 8.41126800e-01
      -6.86820522e-02 8.32916141e-01 -8.18950757e-02 8.23596716e-01
      -9.49381739e-02 8.13204765e-01 -9.62538868e-02 8.11437130e-01
      -9.92799476e-02 8.06315064e-01 -9.98604372e-02 8.00309300e-01
      -9.74435434e-02 7.90383220e-01 -5.86725473e-02 7.59887218e-01
      -5.53236082e-02 7.58387446e-01 -5.20515293e-02 7.57313848e-01
      -4.77927700e-02 7.57634044e-01 -4.61877361e-02 7.58343816e-01
      -4.78988141e-03 7.89150953e-01 -2.12775543e-03 7.91334748e-01</contour2d>
    <histogram type_id="opencv-matrix">
      <rows>20</rows>
      <cols>1</cols>
      <dt>f</dt>
      <data>
        2.43546575e-01 6.04751229e-01 5.42461686e-03 3.74111492e-04
        1.87055746e-04 0. 0. 1.87055746e-04 0. 0. 0. 0. 0. 0.
        3.74111492e-04 1.10362889e-02 2.05761325e-02 5.25626652e-02
        1.87055746e-04 6.07931167e-02</data></histogram></_>
  <_><id>6</id>
    <height>1.7020583152770996e-01</height>
    <contour2d>
      -8.81026238e-02 7.63581514e-01 -8.74538124e-02 7.74294496e-01
      -9.02922302e-02 8.31565976e-01 -9.13058966e-02 8.44444156e-01
      -9.48056504e-02 8.49043250e-01 -9.79693085e-02 8.51118207e-01
      -1.01200812e-01 8.52004170e-01 -1.43406063e-01 8.39967012e-01
      -1.60362750e-01 8.28822732e-01 -1.65772527e-01 7.94995546e-01
      -1.63340867e-01 7.73927331e-01 -1.62372708e-01 7.69941926e-01
      -1.61576062e-01 7.68642545e-01 -1.59054518e-01 7.66640067e-01
      -1.57357633e-01 7.65924215e-01 -1.45748019e-01 7.63739705e-01
      -8.96068290e-02 7.62797236e-01</contour2d>
    <histogram type_id="opencv-matrix">
      <rows>20</rows>
      <cols>1</cols>
      <dt>f</dt>
      <data>
        3.22610945e-01 4.32261080e-01 9.62667260e-03 4.69593797e-04 0.
        0. 0. 0. 0. 0. 7.04390695e-04 0. 2.34796898e-04 5.40032890e-03
        1.69053767e-02 2.55928617e-02 5.11857234e-02 9.46231484e-02 0.
        4.03850675e-02</data></histogram></_>
  <_><id>7</id>
    <height>1.7221838235855103e-01</height>
    <contour2d>
      -1.58232793e-01 7.80832529e-01 -1.62045106e-01 7.89040148e-01
      -2.01584116e-01 8.18434298e-01 -2.10600883e-01 8.24730873e-01
      -2.17460617e-01 8.28388274e-01 -2.25887984e-01 8.24685037e-01
      -2.55154550e-01 7.82786012e-01 -2.58086890e-01 7.75173724e-01
      -2.57884145e-01 7.72268534e-01 -2.57455319e-01 7.70475745e-01
      -2.52552360e-01 7.64642417e-01 -2.49189958e-01 7.61502922e-01
      -2.11569861e-01 7.38828540e-01 -2.04665020e-01 7.35228300e-01
      -2.01592252e-01 7.34220207e-01 -1.96858644e-01 7.34079659e-01
      -1.93542883e-01 7.35646605e-01 -1.84599876e-01 7.43922651e-01
      -1.59958273e-01 7.77270257e-01</contour2d>
    <histogram type_id="opencv-matrix">
      <rows>20</rows>
      <cols>1</cols>
      <dt>f</dt>
      <data>
        2.37700582e-01 6.19996488e-01 5.99541515e-03 1.76335743e-04
        3.52671486e-04 0. 0. 0. 0. 0. 0. 1.05801446e-03 1.76335743e-03
        1.23435026e-03 7.22976541e-03 1.19908303e-02 2.59213541e-02
        5.53694218e-02 1.76335743e-04 3.10350917e-02</data></histogram></_>
  <_><id>8</id>
    <height>1.7154622077941895e-01</height>
    <contour2d>
      -1.76687285e-01 6.25749230e-01 -1.75308958e-01 6.30091965e-01
      -1.74773172e-01 6.32831812e-01 -1.75207764e-01 6.36135817e-01
      -1.85009018e-01 6.91604793e-01 -1.86860546e-01 6.95931911e-01
      -1.92497700e-01 6.97638631e-01 -2.45669454e-01 6.99136615e-01
      -2.51720995e-01 6.93875730e-01 -2.53102243e-01 6.90578103e-01
      -2.55280048e-01 6.72597289e-01 -2.56251901e-01 6.36114895e-01
      -2.52619624e-01 6.29198611e-01 -2.50880897e-01 6.27005875e-01
      -2.46488765e-01 6.25373006e-01 -2.39985630e-01 6.23344839e-01
      -2.24508941e-01 6.23470724e-01</contour2d>
    <histogram type_id="opencv-matrix">
