<?xml version="1.0"?>
<opencv_storage>
<obj>
  <_><id>1</id>
    <height>1.9004046916961670e-01</height>
    <contour2d>
      1.09189488e-01 7.43024886e-01 1.07584946e-01 7.44077206e-01
      4.55696657e-02 7.47871161e-01 4.24598530e-02 7.47861862e-01
      -7.67614022e-02 7.02066243e-01 -8.14116374e-02 6.99975312e-01
      -8.28741640e-02 6.53769493e-01 -8.28199387e-02 6.50173604e-01
      -8.24880451e-02 6.48923159e-01 -2.70800237e-02 6.20956421e-01
      -2.26958282e-02 6.20251119e-01 -1.68904718e-02 6.19901776e-01
      -1.54384775e-02 6.19906127e-01 6.26473874e-02 6.47168040e-01
      7.99617395e-02 6.56006932e-01 1.06130265e-01 7.24277437e-01
      1.10538207e-01 7.37300515e-01</contour2d>
    <histogram type_id="opencv-matrix">
      <rows>20</rows>
      <cols>1</cols>
      <dt>f</dt>
      <data>
        1.60023570e-02 6.98115051e-01 2.72923619e-01 0. 0. 0. 0. 0. 0.
        0. 0. 1.96347930e-04 1.96347930e-04 9.81739649e-05
        1.96347930e-04 2.94521888e-04 9.81739649e-05 6.87217747e-04
        2.06165318e-03 9.13017895e-03</data></histogram></_>
  <_><id>2</id>
    <height>1.9593662023544312e-01</height>
    <contour2d>
      7.51973391e-02 6.35172784e-01 8.12837556e-02 6.72415733e-01
      6.00381717e-02 7.31617630e-01 5.42004257e-02 7.39945531e-01
      4.78299409e-02 7.43870139e-01 -1.09663613e-01 8.08196902e-01
      -1.11392535e-01 8.08191657e-01 -1.18499413e-01 7.71882474e-01
      -1.17709383e-01 7.09952831e-01 -1.17459215e-01 7.07466364e-01
      -4.81319726e-02 6.18487298e-01 -2.16051806e-02 6.16076529e-01</contour2d>
    <histogram type_id="opencv-matrix">
      <rows>20</rows>
      <cols>1</cols>
      <dt>f</dt>
      <data>
        1.28163705e-02 6.65589690e-01 2.97361344e-01 4.30802378e-04 0.
        0. 0. 0. 0. 0. 0. 3.23101791e-04 4.30802378e-04 8.61604756e-04
        2.15401189e-04 2.15401189e-04 7.53904169e-04 1.93861069e-03
        2.36941315e-03 1.66935921e-02</data></histogram></_>
  <_><id>3</id>
    <height>1.9094491004943848e-01</height>
    <contour2d>
      3.94976661e-02 6.24483287e-01 5.60327396e-02 6.47422552e-01
      6.90425485e-02 6.95667624e-01 6.84822053e-02 7.10857987e-01
      -8.46070796e-02 7.73617148e-01 -9.27578360e-02 7.76827514e-01
      -9.60886404e-02 7.77597368e-01 -1.04382396e-01 7.78050065e-01
      -1.06093295e-01 7.77740300e-01 -1.12756699e-01 7.74931908e-01
      -1.12723954e-01 7.72760451e-01 -1.00780569e-01 6.87025189e-01
      -9.49598104e-02 6.70418322e-01 -8.67999569e-02 6.49123192e-01
      -7.04011545e-02 6.39002442e-01 -3.75209972e-02 6.24629915e-01
      -3.24022174e-02 6.24048412e-01 -3.06085870e-03 6.23470247e-01</contour2d>
    <histogram type_id="opencv-matrix">
      <rows>20</rows>
      <cols>1</cols>
      <dt>f</dt>
      <data>
        1.70613173e-02 7.04684079e-01 2.62640893e-01 3.10205767e-04 0.
        1.03401922e-04 0. 0. 0. 0. 0. 0. 0. 0. 0. 0. 2.06803845e-04
        1.65443076e-03 2.79185199e-03 1.05469963e-02</data></histogram></_>
  <_><id>4</id>
    <height>1.9378888607025146e-01</height>
    <contour2d>
      8.22906420e-02 7.07621992e-01 7.72111192e-02 7.13164628e-01
      3.39084566e-02 7.23931313e-01 -3.47325094e-02 7.24726439e-01
      -4.08058390e-02 7.24233210e-01 -6.97500855e-02 7.20125854e-01
      -1.22243382e-01 6.83698297e-01 -1.27690256e-01 6.73566580e-01
      -1.27798080e-01 6.72300279e-01 -1.24770604e-01 6.69332206e-01
      -1.21627979e-01 6.66646779e-01 -5.07137775e-02 6.25191450e-01
      -8.13660584e-03 6.18666649e-01 1.48818996e-02 6.20887280e-01
      1.63727496e-02 6.21563196e-01 7.90996104e-02 6.64178014e-01
      8.12902600e-02 6.72412097e-01</contour2d>
    <histogram type_id="opencv-matrix">
      <rows>20</rows>
      <cols>1</cols>
      <dt>f</dt>
      <data>
        1.87693499e-02 6.94659412e-01 2.67414868e-01 3.86996893e-04 0.
        0. 0. 0. 0. 0. 0. 0. 9.67492233e-05 9.67492233e-05 0. 0. 0.
        3.86996893e-04 0. 1.81888547e-02</data></histogram></_>
  <_><id>5</id>
    <height>1.9364035129547119e-01</height>
    <contour2d>
      8.15164894e-02 6.74828231e-01 6.78495392e-02 6.99209154e-01
      6.49816170e-02 7.02020764e-01 6.21278659e-02 7.03892410e-01
      2.26913542e-02 7.22221792e-01 -5.03217056e-02 7.38076568e-01
      -5.31423911e-02 7.37237275e-01 -6.19711354e-02 7.32452989e-01
      -6.34895861e-02 7.31191516e-01 -6.51841611e-02 7.28297293e-01
      -8.50832611e-02 6.89314067e-01 -8.96397233e-02 6.75340593e-01
      -8.90569836e-02 6.67089880e-01 -5.96290715e-02 5.89150608e-01
      -4.81278040e-02 5.78949094e-01 -1.37058906e-02 5.73911309e-01
      6.04783222e-02 6.48057342e-01</contour2d>
    <histogram type_id="opencv-matrix">
      <rows>20</rows>
      <cols>1</cols>
      <dt>f</dt>
      <data>
        1.18719731e-02 7.20676243e-01 2.49406397e-01 9.49757814e-04 0.
        0. 0. 0. 0. 0. 9.49757814e-05 0. 3.79903126e-04 0.
        1.89951563e-04 9.49757814e-05 4.74878907e-04 3.79903126e-04 0.
        1.54810520e-02</data></histogram></_>
  <_><id>6</id>
    <height>1.9136649370193481e-01</height>
    <contour2d>
      3.83787230e-02 5.94438434e-01 4.59484905e-02 6.46054506e-01
      2.53933612e-02 7.40561545e-01 2.39651892e-02 7.42349386e-01
      2.24299897e-02 7.42505133e-01 -7.91287497e-02 7.20845342e-01
      -1.05272874e-01 7.02321589e-01 -1.05001129e-01 6.97906375e-01
      -7.92267323e-02 6.38284385e-01 -7.42921159e-02 6.30318224e-01
      -1.37034692e-02 5.71709394e-01 3.42289805e-02 5.89164793e-01</contour2d>
    <histogram type_id="opencv-matrix">
      <rows>20</rows>
      <cols>1</cols>
      <dt>f</dt>
      <data>
        1.11492276e-02 6.73241854e-01 3.03125590e-01 0. 0. 0. 0. 0. 0.
        0. 0. 0. 1.90585095e-04 9.52925475e-05 0. 0. 0. 3.81170190e-04
        0. 1.18162762e-02</data></histogram></_>
  <_><id>7</id>
    <height>1.9341504573822021e-01</height>
    <contour2d>
      7.52130151e-02 6.35167480e-01 8.13003480e-02 6.72410250e-01
      4.29712012e-02 7.14641571e-01 3.05747427e-02 7.20165968e-01
      -1.13585204e-01 7.74880230e-01 -1.29411742e-01 7.05258667e-01
      -1.25651658e-01 6.96748614e-01 -1.06494375e-01 6.58479989e-01
      -1.04349896e-01 6.55361474e-01 -1.03206769e-01 6.54096186e-01
      -5.00342734e-02 6.07871532e-01 -4.85860221e-02 6.07875884e-01</contour2d>
    <histogram type_id="opencv-matrix">
      <rows>20</rows>
      <cols>1</cols>
      <dt>f</dt>
      <data>
        1.02736438e-02 7.17330754e-01 2.57609218e-01 2.88046082e-04 0.
        0. 0. 0. 0. 0. 0. 9.60153629e-05 0. 0. 0. 1.92030726e-04
        9.60153629e-05 3.84061452e-04 0. 1.37301972e-02</data></histogram></_>
  <_><id>8</id>
    <height>1.3634186983108521e-01</height>
    <contour2d>
      -5.57355732e-02 8.16259742e-01 -5.59483618e-02 8.24108422e-01
      -5.93994297e-02 8.30686271e-01 -6.11282550e-02 8.33448470e-01
      -1.71420932e-01 9.24824893e-01 -2.12408796e-01 9.24344122e-01
      -2.13990301e-01 9.23477411e-01 -2.20243350e-01 9.17644918e-01
      -2.55254298e-01 8.82453859e-01 -2.57342726e-01 8.56068671e-01
      -2.57308006e-01 8.53767753e-01 -2.29809672e-01 7.41606236e-01
      -2.24330336e-01 7.35184252e-01 -2.23241910e-01 7.34647751e-01
      -2.16592416e-01 7.34315634e-01 -2.13463888e-01 7.34325051e-01
      -1.86737821e-01 7.39921927e-01 -1.11223087e-01 7.56201029e-01
      -8.69539082e-02 7.63988674e-01 -7.99876526e-02 7.69910395e-01</contour2d>
    <histogram type_id="opencv-matrix">
      <rows>20</rows>
      <cols>1</cols>
      <dt>f</dt>
      <data>
        1.29288277e-02 6.60266280e-01 2.94802874e-01 0. 0. 0. 0. 0. 0.
        0. 0. 0. 0. 3.84024577e-04 0. 1.28008192e-04 3.84024577e-04
        3.84024577e-04 0. 3.07219662e-02</data></histogram></_>
  <_><id>9</id>
    <height>1.3150882720947266e-01</height>
    <contour2d>
      -1.06403306e-01 7.14423180e-01 -1.07067905e-01 7.26355195e-01
      -1.09060794e-01 7.30421007e-01 -1.55989975e-01 8.10079277e-01
      -1.77112281e-01 8.30458581e-01 -1.80314451e-01 8.32955241e-01
