<?xml version="1.0"?>
<opencv_storage>
<obj>
  <_><id>1</id>
    <height>4.7451436519622803e-02</height>
    <contour2d>
      5.58862314e-02 6.48344994e-01 5.72510064e-02 6.49642467e-01
      5.85006624e-02 6.51230693e-01 6.05910197e-02 6.68746591e-01
      6.08099923e-02 6.75875604e-01 6.01256862e-02 6.85334682e-01
      5.59110492e-02 7.26216316e-01 1.52934566e-02 7.32967377e-01
      6.91343844e-03 6.85891688e-01 6.81833364e-03 6.64700449e-01
      9.63459909e-03 6.50488734e-01 2.90324651e-02 6.46587610e-01
      3.20854783e-02 6.46290898e-01 3.35748941e-02 6.46295369e-01</contour2d>
    <histogram type_id="opencv-matrix">
      <rows>20</rows>
      <cols>1</cols>
      <dt>f</dt>
      <data>
        4.21139561e-02 1.23864580e-02 1.98183320e-02 4.95458301e-03
        3.30305542e-03 8.25763855e-04 2.47729151e-03 1.65152771e-03
        3.30305542e-03 2.47729151e-03 7.43187452e-03 2.47729151e-03
        5.78034716e-03 0. 4.12881933e-03 3.30305542e-03 2.47729151e-03
        8.25763855e-04 1.85796872e-01 6.94467425e-01</data></histogram></_>
  <_><id>2</id>
    <height>4.6432316303253174e-02</height>
    <contour2d>
      8.09733644e-02 7.12313414e-01 7.46222362e-02 7.18540072e-01
      6.87628835e-02 7.22518444e-01 4.50763926e-02 7.29769111e-01
      4.35046442e-02 7.29764462e-01 -8.19901191e-03 6.97547674e-01
      -1.73704717e-02 6.84620380e-01 -1.87493339e-02 6.75831199e-01
      -1.87185723e-02 6.73789263e-01 -8.08426738e-03 6.56652451e-01
      -6.57908060e-03 6.54966950e-01 6.78543374e-03 6.46219969e-01
      1.26359537e-02 6.46846771e-01 1.73442326e-02 6.48303270e-01
      3.07706073e-02 6.55003905e-01 6.59968108e-02 6.78160191e-01
      7.86863938e-02 7.01003194e-01</contour2d>
    <histogram type_id="opencv-matrix">
      <rows>20</rows>
      <cols>1</cols>
      <dt>f</dt>
      <data>
        2.35546045e-02 9.27908625e-03 1.35617414e-02 1.42755173e-02
        4.99643106e-03 7.85153452e-03 2.85510346e-03 2.14132760e-03
        2.85510346e-03 1.07066380e-02 1.42755173e-02 2.85510346e-02
        2.06995010e-02 4.28265519e-03 0. 7.13775866e-04 2.14132760e-03
        5.71020693e-03 1.56316921e-01 6.75231993e-01</data></histogram></_>
  <_><id>3</id>
    <height>4.7587692737579346e-02</height>
    <contour2d>
      8.97773728e-02 6.70368433e-01 9.63936523e-02 7.06746161e-01
      9.63779911e-02 7.07784593e-01 9.21283811e-02 7.16937482e-01
      8.58091563e-02 7.20048845e-01 -1.52755529e-04 7.31176257e-01
      -1.74695626e-03 7.31171489e-01 -1.42661482e-02 7.21677840e-01
      -1.42428186e-02 7.18101203e-01 -1.12385424e-02 6.93423569e-01
      -6.56471495e-03 6.84431314e-01 -5.01121487e-03 6.83412492e-01
      -4.61434945e-04 6.81303442e-01 3.27648297e-02 6.69992030e-01
      3.72433215e-02 6.69304013e-01 8.67762491e-02 6.69355810e-01
      8.81373361e-02 6.69658363e-01</contour2d>
    <histogram type_id="opencv-matrix">
      <rows>20</rows>
      <cols>1</cols>
      <dt>f</dt>
      <data>
        2.15252154e-02 2.09102090e-02 2.21402217e-02 1.29151288e-02
        3.07503063e-03 2.46002455e-03 3.69003695e-03 6.15006138e-04
        2.46002455e-03 2.46002455e-03 1.10701108e-02 4.92004910e-03
        1.59901604e-02 1.23001228e-03 6.15006138e-04 5.53505542e-03
        1.23001228e-03 4.30504279e-03 2.38622382e-01 6.24231219e-01</data></histogram></_>
  <_><id>4</id>
    <height>4.5471191406250000e-02</height>
    <contour2d>
      9.67472047e-02 6.77365780e-01 9.67319086e-02 6.78377986e-01
      9.33230221e-02 6.83008611e-01 4.49520797e-02 7.43660808e-01
      3.51407193e-02 7.44275212e-01 9.43815149e-03 7.36628413e-01
      2.93881819e-03 7.28982568e-01 1.32241845e-03 7.21814334e-01
      1.34000927e-03 7.16148376e-01 4.32790257e-03 7.07208216e-01
      1.20165013e-02 6.96688175e-01 5.25706112e-02 6.50243938e-01
      5.99896312e-02 6.50266409e-01 6.75164163e-02 6.50980651e-01
      7.79771656e-02 6.55663192e-01 9.34908614e-02 6.71901643e-01</contour2d>
    <histogram type_id="opencv-matrix">
      <rows>20</rows>
      <cols>1</cols>
      <dt>f</dt>
      <data>
        3.89513113e-02 2.24719103e-02 3.37078646e-02 1.19850188e-02
        8.98876414e-03 5.24344575e-03 4.49438207e-03 1.49812736e-03
        5.99250942e-03 1.12359552e-02 7.49063678e-03 1.64794009e-02
        1.49812736e-02 8.23970046e-03 7.49063678e-04 2.24719103e-03
        1.49812736e-03 9.73782782e-03 1.24344572e-01 6.69662952e-01</data></histogram></_>
  <_><id>5</id>
    <height>4.7832906246185303e-02</height>
    <contour2d>
      8.82334411e-02 7.37207770e-01 8.49613249e-02 7.38281012e-01
      3.94432098e-02 7.37273812e-01 3.45637314e-02 7.34708309e-01
      2.75080316e-02 7.07516432e-01 2.20725387e-02 6.78787827e-01
      2.21372694e-02 6.78488612e-01 2.52370313e-02 6.74454331e-01
      2.67716497e-02 6.73447967e-01 3.59640941e-02 6.68421268e-01
      4.17455025e-02 6.65647745e-01 6.41476065e-02 6.61617875e-01
      7.27017000e-02 6.60857081e-01 7.90890381e-02 6.64230943e-01
      8.12795609e-02 6.72465086e-01</contour2d>
    <histogram type_id="opencv-matrix">
      <rows>20</rows>
      <cols>1</cols>
      <dt>f</dt>
      <data>
        4.46428582e-02 1.19047631e-02 1.28968265e-02 1.58730168e-02
        5.95238153e-03 2.97619076e-03 7.93650839e-03 0. 3.96825420e-03
        4.96031763e-03 7.93650839e-03 4.96031763e-03 1.19047631e-02
        9.92063549e-04 9.92063549e-04 4.96031763e-03 1.28968265e-02
        1.58730168e-02 1.70634925e-01 6.57738149e-01</data></histogram></_>
  <_><id>6</id>
    <height>4.6311140060424805e-02</height>
    <contour2d>
      1.61442026e-01 7.47586131e-01 1.03354216e-01 7.54335165e-01
      1.00120910e-01 7.54325449e-01 7.87670761e-02 7.51996756e-01
      3.57304513e-02 7.28392124e-01 1.83137227e-02 7.17328548e-01
      1.83765125e-02 7.13164926e-01 2.87336353e-02 6.89652920e-01
      3.61336172e-02 6.78272545e-01 7.90996104e-02 6.64176881e-01</contour2d>
    <histogram type_id="opencv-matrix">
      <rows>20</rows>
      <cols>1</cols>
      <dt>f</dt>
      <data>
        3.77622396e-02 2.02797204e-02 2.23776232e-02 9.09090973e-03
        4.89510503e-03 7.69230817e-03 2.09790212e-03 2.79720291e-03
        6.99300738e-03 6.99300738e-03 1.18881119e-02 2.02797204e-02
        2.02797204e-02 7.69230817e-03 4.19580424e-03 6.99300726e-04
        9.79021005e-03 6.29370660e-03 1.58741266e-01 6.39160872e-01</data></histogram></_>
  <_><id>7</id>
    <height>4.6511352062225342e-02</height>
    <contour2d>
      1.21599391e-01 6.60426617e-01 1.22316658e-01 6.63649857e-01
      1.23815671e-01 6.75004482e-01 1.23595133e-01 6.77323163e-01
      1.19648874e-01 6.85219347e-01 8.99784714e-02 7.08260477e-01
      7.37422034e-02 7.19567418e-01 7.07468614e-02 7.20303357e-01
      6.76407963e-02 7.20293999e-01 3.09019890e-02 7.17060745e-01
      2.62193065e-02 7.16004491e-01 2.46178564e-02 7.14225054e-01
      2.45981831e-02 7.11413085e-01 3.89206260e-02 6.88918531e-01
      7.64804408e-02 6.49013519e-01 8.07178766e-02 6.45676136e-01
      9.47111174e-02 6.42516971e-01 9.62005332e-02 6.42521441e-01
      1.03617720e-01 6.44526005e-01 1.10813051e-01 6.49805427e-01
      1.20341584e-01 6.58558905e-01</contour2d>
    <histogram type_id="opencv-matrix">
      <rows>20</rows>
      <cols>1</cols>
      <dt>f</dt>
      <data>
        3.39335166e-02 1.86980609e-02 3.11634336e-02 1.31578948e-02
        9.00276937e-03 3.46260378e-03 2.77008303e-03 6.92520756e-04
        4.15512454e-03 6.23268681e-03 2.21606642e-02 1.66204982e-02
        2.21606642e-02 4.84764529e-03 1.38504151e-03 3.46260378e-03
        4.15512454e-03 4.84764529e-03 1.21883653e-01 6.75207734e-01</data></histogram></_>
  <_><id>8</id>
    <height>4.8982620239257812e-02</height>
    <contour2d>
      8.70190263e-02 6.31719112e-01 9.16348323e-02 6.36995733e-01
      9.33720544e-02 6.39343858e-01 9.49287713e-02 6.43955946e-01
      9.56993997e-02 6.54016197e-01 9.56695229e-02 6.55993402e-01
      9.14791226e-02 7.09290147e-01 9.04976428e-02 7.10185051e-01
