<?xml version="1.0"?>
<opencv_storage>
<obj>
  <_><id>1</id>
    <height>3.5055160522460938e-02</height>
    <contour2d>
      5.49832582e-02 6.71101093e-01 5.28581887e-02 6.79644287e-01
      3.87760252e-02 6.92897320e-01 3.42626572e-02 6.95856810e-01
      4.72471304e-03 7.07992792e-01 -2.80640833e-03 7.08720624e-01
      -1.93981007e-02 7.02913761e-01 -2.98113488e-02 6.96902156e-01
      -4.28616703e-02 6.83517933e-01 -4.42897938e-02 6.81794822e-01
      -4.67654839e-02 6.67643845e-01 -4.62436602e-02 6.52002573e-01
      -4.47243005e-02 6.49619699e-01 -4.18181196e-02 6.46771014e-01
      -2.15967577e-02 6.29376829e-01 -1.45658143e-02 6.27060711e-01
      7.74664804e-04 6.25004172e-01 3.56638432e-03 6.25012815e-01
      1.63124297e-02 6.27857625e-01 2.91163120e-02 6.30938947e-01
      4.18703258e-02 6.38024211e-01 5.46445101e-02 6.58786297e-01
      5.50272986e-02 6.68198764e-01</contour2d>
    <histogram type_id="opencv-matrix">
      <rows>20</rows>
      <cols>1</cols>
      <dt>f</dt>
      <data>
        3.86533663e-02 9.35162157e-02 5.98503761e-02 1.74563602e-02
        4.98753134e-03 2.49376567e-03 0. 0. 0. 0. 1.24688284e-03
        2.49376567e-03 7.60598555e-02 1.05985038e-01 2.24438906e-02
        6.23441394e-03 3.74064851e-03 9.97506268e-03 0. 5.54862857e-01</data></histogram></_>
  <_><id>2</id>
    <height>6.2477827072143555e-02</height>
    <contour2d>
      2.86087021e-02 6.20911121e-01 3.61468792e-02 6.31901085e-01
      3.75131592e-02 6.34718120e-01 4.02018577e-02 6.64278150e-01
      4.01872545e-02 6.65240645e-01 3.76947001e-02 6.71545327e-01
      3.10014598e-02 6.85470343e-01 2.09068023e-02 6.96564376e-01
      4.79410402e-03 7.11257815e-01 -2.79926136e-03 7.12242901e-01
      -1.64477602e-02 7.09186018e-01 -3.13712731e-02 7.00133562e-01
      -4.27210853e-02 6.79593742e-01 -4.19548266e-02 6.51779830e-01
      -3.74077223e-02 6.42989576e-01 -2.86509730e-02 6.30762994e-01
      -1.86934806e-02 6.17521703e-01 -1.59085188e-02 6.15218639e-01
      -6.22020382e-03 6.12023056e-01 1.16910171e-02 6.11387014e-01
      1.72888301e-02 6.13707304e-01 2.73055881e-02 6.19749427e-01</contour2d>
    <histogram type_id="opencv-matrix">
      <rows>20</rows>
      <cols>1</cols>
      <dt>f</dt>
      <data>
        2.71682329e-02 1.22257054e-01 9.09090862e-02 2.82131657e-02
        4.17972822e-03 2.08986411e-03 0. 0. 0. 0. 0. 5.22466004e-03
        3.86624858e-02 6.58307225e-02 2.29885057e-02 1.56739801e-02
        1.46290492e-02 1.98537093e-02 0. 5.42319715e-01</data></histogram></_>
  <_><id>3</id>
    <height>6.6084027290344238e-02</height>
    <contour2d>
      8.58321786e-04 6.31317854e-01 1.39491223e-02 6.50755048e-01
      1.54391192e-02 6.57693744e-01 1.34614073e-02 6.89108014e-01
      1.76287629e-03 7.11246967e-01 -2.26190649e-02 7.23800659e-01
      -2.56877113e-02 7.23791122e-01 -4.25054953e-02 7.22221851e-01
      -5.56752421e-02 7.07807064e-01 -6.53935149e-02 6.89853907e-01
      -6.89057112e-02 6.73407793e-01 -6.88909441e-02 6.72434092e-01
      -6.69125766e-02 6.62505269e-01 -6.01905547e-02 6.42917633e-01
      -5.41505069e-02 6.34908080e-01 -4.98274826e-02 6.31398559e-01
      -4.11655121e-02 6.25114441e-01 -3.68965007e-02 6.22799873e-01
      -3.26585434e-02 6.21646523e-01 -1.31643396e-02 6.27066374e-01</contour2d>
    <histogram type_id="opencv-matrix">
      <rows>20</rows>
      <cols>1</cols>
      <dt>f</dt>
      <data>
        3.46232206e-02 1.53767824e-01 1.04887992e-01 1.73116103e-02
        3.05498997e-03 0. 0. 0. 0. 0. 0. 4.07331996e-03 3.97148691e-02
        4.48065177e-02 2.64765806e-02 1.01832999e-02 1.01832999e-02
        1.62932798e-02 0. 5.34623265e-01</data></histogram></_>
  <_><id>4</id>
    <height>7.5776994228363037e-02</height>
    <contour2d>
      2.99447849e-02 6.85932100e-01 2.94934176e-02 6.87430441e-01
      2.11233236e-02 7.03198016e-01 1.64754465e-02 7.03183651e-01
      -5.28486818e-02 6.97743654e-01 -7.22164139e-02 6.87319577e-01
      -7.20733553e-02 6.81692779e-01 -5.22058718e-02 6.53402090e-01
      -4.75145131e-02 6.50308788e-01 -4.60519195e-02 6.49593294e-01
      -3.59328538e-02 6.45523250e-01 -3.45220268e-02 6.45527601e-01
      5.22382930e-03 6.48804367e-01 1.11914705e-02 6.50270402e-01
      2.96736434e-02 6.84968710e-01</contour2d>
    <histogram type_id="opencv-matrix">
      <rows>20</rows>
      <cols>1</cols>
      <dt>f</dt>
      <data>
        1.26478612e-01 2.19290257e-01 4.27661501e-02 9.09918104e-04 0.
        0. 0. 0. 0. 0. 9.09918104e-04 1.00090988e-02 5.73248416e-02
        1.55596003e-01 7.37033635e-02 2.27479525e-02 1.54686077e-02
        5.55050038e-02 0. 2.19290257e-01</data></histogram></_>
  <_><id>5</id>
    <height>7.3617935180664062e-02</height>
    <contour2d>
      -1.88412182e-02 6.40668035e-01 1.87635720e-02 6.74159110e-01
      1.87488385e-02 6.75130308e-01 1.70380063e-02 6.87969744e-01
      6.90268539e-03 7.14904726e-01 3.97415832e-03 7.15671659e-01
      -2.87349988e-02 7.22779393e-01 -3.33054960e-02 7.23518908e-01
      -3.48267220e-02 7.23514199e-01 -3.63254473e-02 7.22744644e-01
      -4.81056161e-02 7.15059698e-01 -5.48024252e-02 6.96706533e-01
      -5.61333895e-02 6.92257702e-01 -5.59702590e-02 6.81506276e-01
      -5.44902012e-02 6.76128685e-01 -3.31168994e-02 6.45314276e-01
      -3.02505735e-02 6.42277837e-01 -2.17061564e-02 6.39724076e-01</contour2d>
    <histogram type_id="opencv-matrix">
      <rows>20</rows>
      <cols>1</cols>
      <dt>f</dt>
      <data>
        6.65813088e-02 1.76696539e-01 7.04225376e-02 4.35339324e-02
        3.84122925e-03 0. 0. 0. 0. 0. 6.40204875e-03 1.15236882e-02
        1.08834825e-01 1.69014081e-01 2.30473764e-02 1.40845068e-02
        1.15236882e-02 5.76184392e-02 0. 2.36875802e-01</data></histogram></_>
  <_><id>6</id>
    <height>7.6904237270355225e-02</height>
    <contour2d>
      -3.93792801e-03 7.79120743e-01 -8.93756375e-03 7.81808913e-01
      -3.13423425e-02 7.84107745e-01 -5.16155846e-02 7.83511519e-01
      -1.02575168e-01 7.75421202e-01 -1.07474312e-01 7.66134560e-01
      -1.07442155e-01 7.64015436e-01 -1.04921788e-01 7.60625541e-01
      -9.21706632e-02 7.57911503e-01 -6.07629009e-02 7.51633406e-01
      -4.65666577e-02 7.51677334e-01 -1.02210641e-02 7.69475162e-01
      -4.06877790e-03 7.76513457e-01 -3.90547141e-03 7.76981711e-01</contour2d>
    <histogram type_id="opencv-matrix">
      <rows>20</rows>
      <cols>1</cols>
      <dt>f</dt>
      <data>
        6.93333372e-02 5.24444468e-02 3.20000015e-02 1.68888886e-02
        6.22222247e-03 1.77777780e-03 3.55555560e-03 0. 0. 0.
        1.77777780e-03 2.04444453e-02 1.54666662e-01 1.90222219e-01
        4.71111126e-02 2.48888899e-02 1.68888886e-02 8.71111155e-02 0.
        2.74666667e-01</data></histogram></_>
  <_><id>7</id>
    <height>7.2712481021881104e-02</height>
    <contour2d>
      -8.84380192e-04 7.69913554e-01 -1.04907900e-03 7.78641343e-01
      -4.17694077e-03 7.90344954e-01 -1.05541665e-02 7.98906922e-01
      -1.21590812e-02 8.00513744e-01 -5.22606820e-02 7.94165134e-01
      -6.48735389e-02 7.88628578e-01 -7.59391189e-02 7.74951100e-01
      -7.56392330e-02 7.66228676e-01 -3.80245522e-02 7.33862638e-01
      -3.49605642e-02 7.31613755e-01 -3.34582590e-02 7.32393265e-01
      -3.19488645e-02 7.33647823e-01 -3.95389553e-03 7.58828998e-01</contour2d>
    <histogram type_id="opencv-matrix">
      <rows>20</rows>
      <cols>1</cols>
      <dt>f</dt>
      <data>
        5.87044545e-02 2.14574903e-01 8.29959512e-02 4.04858291e-02
        8.09716620e-03 0. 0. 0. 0. 0. 2.02429155e-03 4.04858310e-03
        6.27530366e-02 1.15384616e-01 2.22672075e-02 8.09716620e-03
        1.01214573e-02 2.42914986e-02 0. 3.46153855e-01</data></histogram></_>
  <_><id>9</id>
    <height>7.9357504844665527e-02</height>
    <contour2d>
      7.81355724e-02 6.56893373e-01 5.82019985e-02 6.74664617e-01
      -8.73161480e-04 6.78834021e-01 -1.75517630e-02 6.74161494e-01
      -2.34173462e-02 6.62389100e-01 -2.33881772e-02 6.60466671e-01
