<?xml version="1.0"?>
<opencv_storage>
<obj>
  <_><id>2</id>
    <height>1.9338148832321167e-01</height>
    <contour2d>
      -1.30001783e-01 7.18161166e-01 -1.32184774e-01 7.22804248e-01
      -1.58227086e-01 7.48248518e-01 -1.77461803e-01 7.46396422e-01
      -1.84860080e-01 7.41058707e-01 -1.98019862e-01 7.05795467e-01
      -1.98004425e-01 7.04769492e-01 -1.94062203e-01 7.01851308e-01
      -1.90360785e-01 6.99664891e-01 -1.80483520e-01 6.96639717e-01
      -1.73832953e-01 6.96708262e-01 -1.50151372e-01 7.04059780e-01
      -1.31439656e-01 7.13120222e-01 -1.30064189e-01 7.13880539e-01
      -1.29709870e-01 7.15632498e-01</contour2d>
    <histogram type_id="opencv-matrix">
      <rows>20</rows>
      <cols>1</cols>
      <dt>f</dt>
      <data>
        2.11337030e-01 2.34134316e-01 1.38632163e-01 5.73012941e-02
        1.23228589e-02 1.84842874e-03 0. 0. 1.23228587e-03
        6.16142934e-04 1.23228587e-03 3.08071473e-03 1.84842874e-03
        1.84842874e-03 3.69685749e-03 7.39371497e-03 2.09488589e-02
        1.24460876e-01 1.17067154e-02 1.66358590e-01</data></histogram></_>
  <_><id>3</id>
    <height>1.9205200672149658e-01</height>
    <contour2d>
      -1.31286204e-01 6.44062698e-01 -1.32134020e-01 6.53361797e-01
      -1.34050414e-01 6.58414960e-01 -1.69125199e-01 6.72935247e-01
      -1.71696126e-01 6.72927558e-01 -1.79721713e-01 6.67874217e-01
      -2.04886064e-01 6.46715820e-01 -2.04802573e-01 6.41180098e-01
      -2.00129360e-01 6.34382010e-01 -1.80268094e-01 6.26325965e-01
      -1.59349829e-01 6.18480265e-01 -1.57998875e-01 6.18484318e-01
      -1.39900059e-01 6.30430043e-01</contour2d>
    <histogram type_id="opencv-matrix">
      <rows>20</rows>
      <cols>1</cols>
      <dt>f</dt>
      <data>
        1.04575165e-01 1.88816264e-01 1.72113284e-01 6.68119118e-02
        9.44081321e-03 3.63108213e-03 7.26216414e-04 2.17864919e-03
        2.90486566e-03 7.26216426e-03 1.52505450e-02 3.99419032e-02
        5.08351484e-03 9.44081321e-03 7.26216426e-03 2.90486566e-03
        2.03340594e-02 5.66448793e-02 1.59767605e-02 2.68700063e-01</data></histogram></_>
  <_><id>4</id>
    <height>1.9261878728866577e-01</height>
    <contour2d>
      9.03827511e-03 5.52379608e-01 6.83622435e-04 5.93854249e-01
      -1.11408085e-02 5.97742677e-01 -1.70560516e-02 5.98510742e-01
      -1.82367340e-02 5.98507166e-01 -3.35500725e-02 5.96104324e-01
      -4.13420945e-02 5.65044701e-01 -4.14446853e-02 5.62299609e-01
      -4.13124785e-02 5.61486483e-01 -4.01096120e-02 5.58886886e-01
      -3.80457714e-02 5.55708110e-01 -3.40131558e-02 5.54828644e-01
      3.65691446e-03 5.52363515e-01</contour2d>
    <histogram type_id="opencv-matrix">
      <rows>20</rows>
      <cols>1</cols>
      <dt>f</dt>
      <data>
        5.22749275e-02 7.35721216e-02 4.45304960e-02 6.77637942e-03
        3.87221691e-03 9.68054228e-04 0. 0. 9.68054228e-04
        1.93610846e-03 1.25847049e-02 6.48596361e-02 1.40367866e-01
        4.93707657e-02 1.06485961e-02 1.06485961e-02 4.35624421e-02
        5.71152009e-02 3.87221687e-02 3.87221694e-01</data></histogram></_>
  <_><id>5</id>
    <height>1.9351112842559814e-01</height>
    <contour2d>
      -4.39394787e-02 7.25022793e-01 -4.54797372e-02 7.26032972e-01
      -7.13953674e-02 7.37881839e-01 -8.55133235e-02 7.41302609e-01
      -9.95609686e-02 7.42992163e-01 -1.21864736e-01 7.30337024e-01
      -1.22271910e-01 7.27147102e-01 -1.21585660e-01 7.24026024e-01
      -1.00952365e-01 6.99109495e-01 -9.50978473e-02 6.92530036e-01
      -9.36879739e-02 6.91605330e-01 -8.67723152e-02 6.88493609e-01
      -8.38383958e-02 6.88502371e-01 -7.97211528e-02 6.89547002e-01
      -4.67762575e-02 7.15642273e-01 -4.53025997e-02 7.18679905e-01</contour2d>
    <histogram type_id="opencv-matrix">
      <rows>20</rows>
      <cols>1</cols>
      <dt>f</dt>
      <data>
        1.37284324e-01 1.69542387e-01 1.48537129e-01 6.22655675e-02
        5.25131263e-03 2.25056265e-03 7.50187552e-04 7.50187552e-04
        1.50037510e-03 6.75168820e-03 9.00225062e-03 1.80045012e-02
        1.12528130e-02 1.05026253e-02 4.50112531e-03 3.75093776e-03
        2.17554383e-02 1.05026260e-01 1.05026253e-02 2.70817697e-01</data></histogram></_>
  <_><id>6</id>
    <height>1.9863766431808472e-01</height>
    <contour2d>
      -5.50994128e-02 8.44652236e-01 -5.18981628e-02 8.54117036e-01
      -5.19518740e-02 8.56088281e-01 -7.47840628e-02 9.02045548e-01
      -7.62497187e-02 9.03500617e-01 -8.46359208e-02 9.08165157e-01
      -8.62450823e-02 9.08160329e-01 -1.14133269e-01 8.86128843e-01
      -1.15156300e-01 8.65178108e-01 -1.14883371e-01 8.60187650e-01
      -1.12801857e-01 8.48761380e-01 -1.07475422e-01 8.40190589e-01
      -1.05942115e-01 8.38920474e-01 -9.78344381e-02 8.33603203e-01
      -8.50157216e-02 8.32357705e-01 -6.46995082e-02 8.39608729e-01</contour2d>
    <histogram type_id="opencv-matrix">
      <rows>20</rows>
      <cols>1</cols>
      <dt>f</dt>
      <data>
        1.96930945e-01 2.19096333e-01 1.07416883e-01 4.26257476e-02
        5.96760446e-03 1.70502986e-03 1.70502986e-03 8.52514931e-04 0.
        0. 1.36402389e-02 8.52514897e-03 9.37766396e-03 1.19352089e-02
        5.11508947e-03 5.11508947e-03 2.89855078e-02 1.66240409e-01
        1.02301789e-02 1.64535388e-01</data></histogram></_>
  <_><id>7</id>
    <height>1.9423955678939819e-01</height>
    <contour2d>
      -1.31514102e-01 8.79803538e-01 -1.31806135e-01 8.87581050e-01
      -1.33586392e-01 8.88748705e-01 -1.37599438e-01 8.90902102e-01
      -1.63697004e-01 8.99364293e-01 -1.65291220e-01 8.99359524e-01
      -2.09235922e-01 8.91118765e-01 -2.11011410e-01 8.84167135e-01
      -2.09953740e-01 8.80922496e-01 -2.03916505e-01 8.64716649e-01
      -2.00721085e-01 8.62815619e-01 -1.62781149e-01 8.44844639e-01
      -1.61128938e-01 8.44849586e-01 -1.43153429e-01 8.58096898e-01
      -1.39294222e-01 8.64930272e-01</contour2d>
    <histogram type_id="opencv-matrix">
      <rows>20</rows>
      <cols>1</cols>
      <dt>f</dt>
      <data>
        9.31734294e-02 1.82656825e-01 1.49446502e-01 8.67158696e-02
        1.38376383e-02 7.38007389e-03 1.84501847e-03 9.22509236e-04
        2.76752771e-03 9.22509236e-04 2.12177131e-02 2.39852406e-02
        8.30258336e-03 1.47601478e-02 3.69003695e-03 6.45756442e-03
        3.13653126e-02 1.06088564e-01 1.19926203e-02 2.32472330e-01</data></histogram></_>
  <_><id>8</id>
    <height>1.9662433862686157e-01</height>
    <contour2d>
      -2.36637667e-01 8.90773892e-01 -2.59019345e-01 9.17503178e-01
      -2.88957179e-01 9.12236869e-01 -3.00587386e-01 8.76858532e-01
      -3.00250798e-01 8.72250259e-01 -2.94602901e-01 8.65203083e-01
      -2.90849507e-01 8.60981643e-01 -2.89150536e-01 8.60986769e-01
      -2.45775074e-01 8.65997493e-01 -2.36619592e-01 8.89576077e-01</contour2d>
    <histogram type_id="opencv-matrix">
      <rows>20</rows>
      <cols>1</cols>
      <dt>f</dt>
      <data>
        5.95065318e-02 1.04499273e-01 1.07402034e-01 8.41799676e-02
        3.91872264e-02 1.30624091e-02 4.35413653e-03 2.90275761e-03
        2.90275761e-03 1.16110304e-02 7.11175650e-02 5.80551513e-02
        2.46734396e-02 8.70827306e-03 1.45137880e-03 4.35413653e-03
        1.74165461e-02 4.64441217e-02 3.33817117e-02 3.04789543e-01</data></histogram></_>
  <_><id>9</id>
    <height>1.9678056240081787e-01</height>
    <contour2d>
      9.74534750e-02 9.04642582e-01 9.73137319e-02 9.04961944e-01
      5.94487339e-02 9.38627899e-01 5.76910079e-02 9.38778698e-01
      5.43170795e-02 9.36723828e-01 1.85472686e-02 9.04157758e-01
      1.85049195e-02 9.00107741e-01 1.90823618e-02 8.95408154e-01
      4.08020169e-02 8.71190190e-01 5.19504920e-02 8.70714605e-01
      5.98655120e-02 8.70742619e-01 6.77708834e-02 8.71259689e-01
      7.45403767e-02 8.74312162e-01 9.29300562e-02 8.88887763e-01
      9.46280062e-02 8.92730296e-01 9.72426534e-02 9.00597155e-01</contour2d>
    <histogram type_id="opencv-matrix">
      <rows>20</rows>
      <cols>1</cols>
      <dt>f</dt>
      <data>
